140363713053831904 pose is
[]
140363713058831904 pose is
[]
140363713063831904 pose is
[]
140363713068831904 pose is
[]
140363713073831920 pose is
[]
140363713078831888 pose is
[]
140363713083831904 pose is
[]
140363713088831904 pose is
[]
140363713093831920 pose is
[]
140363713098831888 pose is
[]
140363713103831904 pose is
[]
140363713108831904 pose is
[]
140363713113831904 pose is
[]
140363713118831904 pose is
[]
140363713123831920 pose is
[]
140363713128831888 pose is
[]
140363713133831904 pose is
[]
140363713138831904 pose is
[]
140363713143831920 pose is
[]
140363713148831888 pose is
[]
140363713153831904 pose is
[]
140363713158831904 pose is
[]
140363713163831904 pose is
[]
140363713168831904 pose is
[]
140363713173831920 pose is
[]
140363713178831888 pose is
[]
140363713183831904 pose is
[]
140363713188831904 pose is
[]
140363713193831920 pose is
[]
140363713198831888 pose is
[]
140363713203831904 pose is
[]
140363713208831904 pose is
[]
140363713213831904 pose is
[]
140363713218831904 pose is
[]
140363713223831920 pose is
[]
140363713228831888 pose is
[]
140363713233831904 pose is
[]
140363713238831904 pose is
[]
140363713243831920 pose is
[]
140363713248831888 pose is
[]
140363713253831904 pose is
[]
140363713258831904 pose is
[]
140363713263831904 pose is
[]
140363713268831904 pose is
[]
140363713273831920 pose is
[]
140363713278831888 pose is
[]
140363713283831904 pose is
[]
140363713288831904 pose is
[]
140363713293831920 pose is
[]
140363713298831888 pose is
[]
140363713303831904 pose is
[]
140363713308831904 pose is
[]
140363713313831904 pose is
[]
140363713318831904 pose is
[]
140363713323831920 pose is
[]
140363713328831888 pose is
[0.99993837, -0.00894270, -0.00657812, -0.00305160
  0.00893850, 0.99995983, -0.00066741, 0.00965366
  0.00658383, 0.00060857, 0.99997813, 0.00776236
  0.00000000, 0.00000000, 0.00000000, 1.00000000]
140363713333831904 pose is
[0.99988967, -0.01145725, -0.00945181, -0.00404867
  0.01141805, 0.99992603, -0.00419069, 0.01547947
  0.00949912, 0.00408230, 0.99994653, 0.01045377
  0.00000000, 0.00000000, 0.00000000, 1.00000000]
140363713338831904 pose is
[0.99978566, -0.01213554, -0.01677242, -0.00445810
  0.01199725, 0.99989343, -0.00832159, 0.01871260
  0.01687162, 0.00811858, 0.99982470, 0.01080820
  0.00000000, 0.00000000, 0.00000000, 1.00000000]
140363713343831920 pose is
[0.99969357, -0.01110217, -0.02212466, -0.00520821
  0.01074807, 0.99981326, -0.01606003, 0.02559799
  0.02229883, 0.01581732, 0.99962622, 0.01380656
  0.00000000, 0.00000000, 0.00000000, 1.00000000]
140363713348831888 pose is
[0.99972594, -0.00946853, -0.02141054, -0.00495100
  0.00890920, 0.99962038, -0.02607052, 0.03025193
  0.02164926, 0.02587262, 0.99943078, 0.01683416
  0.00000000, 0.00000000, 0.00000000, 1.00000000]
140363713353831904 pose is
[0.99966514, -0.00611365, -0.02514491, -0.00628774
  0.00521919, 0.99935657, -0.03548554, 0.03128146
  0.02534568, 0.03534242, 0.99905384, 0.01709409
  0.00000000, 0.00000000, 0.00000000, 1.00000000]
140363713358831904 pose is
[0.99958032, -0.00257359, -0.02885500, -0.00830222
  0.00127843, 0.99899453, -0.04481405, 0.03376538
  0.02894132, 0.04475836, 0.99857855, 0.01841779
  0.00000000, 0.00000000, 0.00000000, 1.00000000]
140363713363831904 pose is
[0.99944127, -0.00192306, -0.03336798, -0.01125518
  0.00016669, 0.99861777, -0.05255966, 0.03824236
  0.03342293, 0.05252473, 0.99806017, 0.01986416
  0.00000000, 0.00000000, 0.00000000, 1.00000000]
140363713368831904 pose is
[0.99921757, -0.00599824, -0.03909268, -0.01315575
  0.00382516, 0.99845541, -0.05542763, 0.04009366
  0.03936476, 0.05523473, 0.99769711, 0.02100942
  0.00000000, 0.00000000, 0.00000000, 1.00000000]
140363713373831920 pose is
[0.99906242, -0.00742361, -0.04265129, -0.01614516
  0.00492061, 0.99827570, -0.05849316, 0.05006081
  0.04301197, 0.05822845, 0.99737626, 0.02572498
  0.00000000, 0.00000000, 0.00000000, 1.00000000]
140363713378831888 pose is
[0.99869889, -0.00890139, -0.05021281, -0.01529178
  0.00597910, 0.99829572, -0.05805090, 0.05505960
  0.05064397, 0.05767515, 0.99705005, 0.02754993
  0.00000000, 0.00000000, 0.00000000, 1.00000000]
140363713383831904 pose is
[0.99813014, -0.00989385, -0.06031824, -0.01737013
  0.00603283, 0.99794060, -0.06386009, 0.07134109
  0.06082585, 0.06337679, 0.99613434, 0.03290271
  0.00000000, 0.00000000, 0.00000000, 1.00000000]
140363713388831904 pose is
[0.99747407, -0.00748944, -0.07063580, -0.01623467
  0.00262732, 0.99763548, -0.06867691, 0.08014423
  0.07098313, 0.06831785, 0.99513519, 0.03412689
  0.00000000, 0.00000000, 0.00000000, 1.00000000]
140363713393831920 pose is
[0.99694455, -0.00506520, -0.07794805, -0.01612444
  -0.00098253, 0.99700326, -0.07735335, 0.10343141
  0.07810627, 0.07719359, 0.99395198, 0.04195519
  0.00000000, 0.00000000, 0.00000000, 1.00000000]
140363713398831888 pose is
[0.99624985, -0.00799830, -0.08615267, -0.01612638
  0.00070827, 0.99643868, -0.08431777, 0.12952866
  0.08652025, 0.08394054, 0.99270755, 0.05067812
  0.00000000, 0.00000000, 0.00000000, 1.00000000]
140363713403831904 pose is
[0.99572372, -0.00769404, -0.09206028, -0.01406232
  0.00029886, 0.99678880, -0.08007528, 0.13480383
  0.09238075, 0.07970534, 0.99252850, 0.05158978
  0.00000000, 0.00000000, 0.00000000, 1.00000000]
140363713408831904 pose is
[0.99483609, -0.01436014, -0.10047378, -0.01489382
  0.00612924, 0.99663365, -0.08175474, 0.15931152
  0.10130955, 0.08071674, 0.99157512, 0.05935422
  0.00000000, 0.00000000, 0.00000000, 1.00000000]
140363713413831904 pose is
[0.99364632, -0.02293773, -0.11018565, -0.01818473
  0.01398964, 0.99659097, -0.08130623, 0.17893189
  0.11167500, 0.07924818, 0.99057984, 0.06249830
  0.00000000, 0.00000000, 0.00000000, 1.00000000]
140363713418831904 pose is
[0.99218678, -0.02519869, -0.12219002, -0.01327880
  0.01678796, 0.99744898, -0.06938058, 0.16885257
  0.12362661, 0.06678718, 0.99007875, 0.06328326
  0.00000000, 0.00000000, 0.00000000, 1.00000000]
140363713423831920 pose is
[0.99054790, -0.03315675, -0.13309968, -0.01709810
  0.02551788, 0.99794984, -0.05869347, 0.18636714
  0.13477288, 0.05474227, 0.98936319, 0.06181114
  0.00000000, 0.00000000, 0.00000000, 1.00000000]
140363713428831888 pose is
[0.99006110, -0.03471546, -0.13628569, -0.01990445
  0.02905245, 0.99863857, -0.04332433, 0.20227677
  0.13760418, 0.03893430, 0.98972178, 0.06133175
  0.00000000, 0.00000000, 0.00000000, 1.00000000]
140363713433831904 pose is
[0.98945284, -0.03652545, -0.14017490, -0.01593711
  0.03272220, 0.99903369, -0.02934251, 0.21900353
  0.14111118, 0.02444620, 0.98969185, 0.06606042
  0.00000000, 0.00000000, 0.00000000, 1.00000000]
140363713438831904 pose is
[0.98920935, -0.03543391, -0.14215939, -0.01557722
  0.03412477, 0.99934983, -0.01163720, 0.23057905
  0.14247930, 0.00666047, 0.98977536, 0.06315614
  0.00000000, 0.00000000, 0.00000000, 1.00000000]
140363713443831920 pose is
[0.98880965, -0.02958757, -0.14621927, -0.01477910
  0.03006605, 0.99954736, 0.00106293, 0.24088259
  0.14612164, -0.00544727, 0.98925161, 0.06264050
  0.00000000, 0.00000000, 0.00000000, 1.00000000]
140363713448831888 pose is
[0.98890996, -0.02005579, -0.14715587, -0.01269128
  0.02182074, 0.99970794, 0.01038905, 0.24542832
  0.14690453, -0.01348488, 0.98905873, 0.06050260
  0.00000000, 0.00000000, 0.00000000, 1.00000000]
140363713453831904 pose is
[0.98882860, -0.01224796, -0.14855291, -0.01095993
  0.01419454, 0.99982661, 0.01205050, 0.23798998
  0.14837955, -0.01402452, 0.98883104, 0.05786079
  0.00000000, 0.00000000, 0.00000000, 1.00000000]
140363713458831904 pose is
[0.98849612, -0.01092740, -0.15085089, -0.01192605
  0.01202126, 0.99990761, 0.00634121, 0.23111440
  0.15076767, -0.00808168, 0.98853618, 0.05619162
  0.00000000, 0.00000000, 0.00000000, 1.00000000]
140363713463831904 pose is
[0.98799616, -0.01519261, -0.15372950, -0.01383236
  0.01450627, 0.99987918, -0.00558536, 0.21985669
  0.15379578, 0.00328828, 0.98809719, 0.05632095
  0.00000000, 0.00000000, 0.00000000, 1.00000000]
140363713468831904 pose is
[0.98774302, -0.02036263, -0.15475476, -0.01641747
  0.01759237, 0.99965990, -0.01924956, 0.20252274
  0.15509410, 0.01629112, 0.98776537, 0.05299779
  0.00000000, 0.00000000, 0.00000000, 1.00000000]
140363713473831920 pose is
[0.98839074, -0.02229876, -0.15028796, -0.01911634
  0.01673877, 0.99913144, -0.03815974, 0.18333173
  0.15100834, 0.03520110, 0.98790556, 0.05066010
  0.00000000, 0.00000000, 0.00000000, 1.00000000]
140363713478831888 pose is
[0.98924279, -0.02334856, -0.14440745, -0.02001347
  0.01462392, 0.99801928, -0.06118592, 0.16019677
  0.14555003, 0.05841593, 0.98762482, 0.04856991
  0.00000000, 0.00000000, 0.00000000, 1.00000000]
140363713483831904 pose is
[0.98995584, -0.02067066, -0.13985783, -0.01925553
  0.00855996, 0.99620235, -0.08664643, 0.13851742
  0.14111774, 0.08457896, 0.98637325, 0.04580507
  0.00000000, 0.00000000, 0.00000000, 1.00000000]
140363713488831904 pose is
[0.99098879, -0.01531253, -0.13306682, -0.02057366
  0.00066826, 0.99399686, -0.10940648, 0.11203046
  0.13394330, 0.10833167, 0.98504996, 0.03887019
  0.00000000, 0.00000000, 0.00000000, 1.00000000]
140363713493831920 pose is
[0.99119735, -0.00896388, -0.13208890, -0.01916961
  -0.00826372, 0.99157089, -0.12930161, 0.09292878
  0.13213454, 0.12925495, 0.98276836, 0.03638196
  0.00000000, 0.00000000, 0.00000000, 1.00000000]
140363713498831888 pose is
[0.99197263, 0.00102109, -0.12644874, -0.02041568
  -0.01870719, 0.99014938, -0.13875975, 0.07459921
  0.12506145, 0.14001137, 0.98222017, 0.02895831
  0.00000000, 0.00000000, 0.00000000, 1.00000000]
140363713503831904 pose is
[0.99222857, 0.00568485, -0.12429857, -0.02058050
  -0.02368711, 0.98931766, -0.14383844, 0.05947617
  0.12215307, 0.14566489, 0.98176390, 0.02468408
  0.00000000, 0.00000000, 0.00000000, 1.00000000]
140363713508831904 pose is
[0.99239880, 0.00997514, -0.12265849, -0.02103013
  -0.02807868, 0.98877263, -0.14676599, 0.04790701
  0.11981735, 0.14909449, 0.98153687, 0.02090768
  0.00000000, 0.00000000, 0.00000000, 1.00000000]
140363713513831904 pose is
[0.99256200, 0.00742991, -0.12151328, -0.02175751
  -0.02603820, 0.98799461, -0.15227817, 0.03886721
  0.11892305, 0.15430951, 0.98083937, 0.01874607
  0.00000000, 0.00000000, 0.00000000, 1.00000000]
140363713518831904 pose is
[0.99252456, 0.00250773, -0.12201922, -0.02217251
  -0.02234168, 0.98662734, -0.16145380, 0.03290490
  0.11998262, 0.16297297, 0.97930789, 0.01836642
  0.00000000, 0.00000000, 0.00000000, 1.00000000]
140363713523831920 pose is
[0.99241143, -0.00211815, -0.12294307, -0.02268852
  -0.01989562, 0.98391038, -0.17755136, 0.03229071
  0.12134105, 0.17865002, 0.97640181, 0.01916741
  0.00000000, 0.00000000, 0.00000000, 1.00000000]
140363713528831888 pose is
[0.99225527, -0.00509475, -0.12411102, -0.02287404
  -0.01893459, 0.98127842, -0.19166160, 0.03671254
  0.12276393, 0.19252722, 0.97358221, 0.02329537
  0.00000000, 0.00000000, 0.00000000, 1.00000000]
140363713533831904 pose is
[0.99180275, -0.00659835, -0.12760803, -0.02322100
  -0.01864606, 0.98050213, -0.19562174, 0.04778789
  0.12641074, 0.19639756, 0.97234166, 0.02831165
  0.00000000, 0.00000000, 0.00000000, 1.00000000]
140363713538831904 pose is
[0.99131995, -0.00950660, -0.13112721, -0.02380805
  -0.01551847, 0.98194873, -0.18850973, 0.06383476
  0.13055228, 0.18890835, 0.97327781, 0.03405597
  0.00000000, 0.00000000, 0.00000000, 1.00000000]
140363713543831920 pose is
[0.99064374, -0.01649165, -0.13547345, -0.02458416
  -0.00716309, 0.98502028, -0.17228970, 0.08504224
  0.13628544, 0.17164811, 0.97568601, 0.04145678
  0.00000000, 0.00000000, 0.00000000, 1.00000000]
140363713548831888 pose is
[0.98972017, -0.02466409, -0.14087449, -0.02600196
  0.00313364, 0.98852068, -0.15105313, 0.10886212
  0.14298293, 0.14905889, 0.97843617, 0.04692283
  0.00000000, 0.00000000, 0.00000000, 1.00000000]
140363713553831904 pose is
[0.98898339, -0.03090928, -0.14476359, -0.02747779
  0.01192283, 0.99141228, -0.13022859, 0.13579597
  0.14754568, 0.12706792, 0.98085880, 0.05356218
  0.00000000, 0.00000000, 0.00000000, 1.00000000]
140363713558831904 pose is
[0.98761052, -0.03815662, -0.15221530, -0.02919565
  0.02128349, 0.99359500, -0.11097720, 0.16283810
  0.15547489, 0.10636258, 0.98209703, 0.05769326
  0.00000000, 0.00000000, 0.00000000, 1.00000000]
140363713563831904 pose is
[0.98616076, -0.03987291, -0.16092569, -0.02966512
  0.02534776, 0.99549854, -0.09132451, 0.18751684
  0.16384265, 0.08598154, 0.98273230, 0.06115854
  0.00000000, 0.00000000, 0.00000000, 1.00000000]
140363713568831904 pose is
[0.98525542, -0.03885144, -0.16662015, -0.03002624
  0.02719826, 0.99705827, -0.07165949, 0.21361785
  0.16891406, 0.06607112, 0.98341376, 0.06379969
  0.00000000, 0.00000000, 0.00000000, 1.00000000]
140363713573831920 pose is
[0.98511171, -0.03254583, -0.16880666, -0.02782732
  0.02391921, 0.99831396, -0.05288809, 0.23473461
  0.17024334, 0.04806295, 0.98422921, 0.06507330
  0.00000000, 0.00000000, 0.00000000, 1.00000000]
140363713578831888 pose is
[0.98530304, -0.02456467, -0.16904002, -0.02334642
  0.01826713, 0.99908352, -0.03870973, 0.25701955
  0.16983598, 0.03505294, 0.98484874, 0.07118095
  0.00000000, 0.00000000, 0.00000000, 1.00000000]
140363713583831904 pose is
[0.98565191, -0.01868379, -0.16775341, -0.02413147
  0.01413207, 0.99949998, -0.02828640, 0.27172267
  0.16819802, 0.02550984, 0.98542309, 0.06764930
  0.00000000, 0.00000000, 0.00000000, 1.00000000]
140363713588831904 pose is
[0.98579204, -0.01169560, -0.16756259, -0.02147319
  0.00886833, 0.99980557, -0.01761135, 0.25953567
  0.16773599, 0.01587513, 0.98570412, 0.06508441
  0.00000000, 0.00000000, 0.00000000, 1.00000000]
140363713593831920 pose is
[0.98554415, -0.00826133, -0.16921744, -0.02017247
  0.00569250, 0.99986118, -0.01566014, 0.25734761
  0.16932333, 0.01447048, 0.98545432, 0.06147761
  0.00000000, 0.00000000, 0.00000000, 1.00000000]
140363713598831888 pose is
[0.98585522, -0.00779875, -0.16741760, -0.02057217
  0.00449464, 0.99978775, -0.02010557, 0.25323454
  0.16753887, 0.01906870, 0.98568106, 0.06035526
  0.00000000, 0.00000000, 0.00000000, 1.00000000]
140363713603831904 pose is
[0.98620188, -0.00964164, -0.16526607, -0.02096819
  0.00519068, 0.99961263, -0.02734286, 0.24165229
  0.16546568, 0.02610773, 0.98586994, 0.05898726
  0.00000000, 0.00000000, 0.00000000, 1.00000000]
140363713608831904 pose is
[0.98609692, -0.01382017, -0.16559546, -0.02180749
  0.00797442, 0.99932307, -0.03591441, 0.22066861
  0.16597970, 0.03409456, 0.98553962, 0.05399658
  0.00000000, 0.00000000, 0.00000000, 1.00000000]
140363713613831904 pose is
[0.98593324, -0.01375943, -0.16657229, -0.02079813
  0.00600354, 0.99887800, -0.04697601, 0.20204009
  0.16703175, 0.04531519, 0.98490959, 0.05137505
  0.00000000, 0.00000000, 0.00000000, 1.00000000]
140363713618831904 pose is
[0.98547101, -0.02114414, -0.16852249, -0.02234394
  0.01071462, 0.99798375, -0.06255881, 0.17960785
  0.16950546, 0.05984424, 0.98371059, 0.04498532
  0.00000000, 0.00000000, 0.00000000, 1.00000000]
140363713623831920 pose is
[0.98561090, -0.01927239, -0.16792758, -0.02178550
  0.00568500, 0.99669623, -0.08102015, 0.15771385
  0.16893424, 0.07889968, 0.98246425, 0.04017986
  0.00000000, 0.00000000, 0.00000000, 1.00000000]
140363713628831888 pose is
[0.98561704, -0.02289524, -0.16743606, -0.02150423
  0.00531011, 0.99448669, -0.10472817, 0.13460784
  0.16891071, 0.10233276, 0.98030466, 0.03625554
  0.00000000, 0.00000000, 0.00000000, 1.00000000]
140363713633831904 pose is
[0.98563242, -0.02210539, -0.16745166, -0.02198317
  0.00023144, 0.99157470, -0.12953608, 0.11323577
  0.16890427, 0.12763621, 0.97733331, 0.03084351
  0.00000000, 0.00000000, 0.00000000, 1.00000000]
140363713638831904 pose is
[0.98629326, -0.01740886, -0.16408087, -0.02129417
  -0.00785720, 0.98833519, -0.15209137, 0.09243644
  0.16481464, 0.15129590, 0.97465158, 0.02653440
  0.00000000, 0.00000000, 0.00000000, 1.00000000]
140363713643831920 pose is
[0.98702615, -0.01344404, -0.15999587, -0.02045993
  -0.01499153, 0.98441839, -0.17520197, 0.07431570
  0.15985830, 0.17532751, 0.97144508, 0.02354560
  0.00000000, 0.00000000, 0.00000000, 1.00000000]
140363713648831888 pose is
[0.98789489, -0.00589529, -0.15501259, -0.01949770
  -0.02437278, 0.98096776, -0.19263488, 0.06009529
  0.15319800, 0.19408110, 0.96894938, 0.02038189
  0.00000000, 0.00000000, 0.00000000, 1.00000000]
140363713653831904 pose is
[0.98855817, 0.00389472, -0.15078987, -0.01928472
  -0.03523965, 0.97796637, -0.20576675, 0.05077724
  0.14666602, 0.20872618, 0.96691388, 0.01799011
  0.00000000, 0.00000000, 0.00000000, 1.00000000]
140363713658831904 pose is
[0.98892766, 0.00629970, -0.14826454, -0.01939450
  -0.03833750, 0.97602820, -0.21424083, 0.04517302
  0.14336073, 0.21755278, 0.96546286, 0.01717270
  0.00000000, 0.00000000, 0.00000000, 1.00000000]
140363713663831904 pose is
[0.98905820, 0.00489120, -0.14744489, -0.01973741
  -0.03761889, 0.97477180, -0.22001077, 0.04455109
  0.14264901, 0.22315016, 0.96429002, 0.01811115
  0.00000000, 0.00000000, 0.00000000, 1.00000000]
140363713668831904 pose is
[0.98901665, -0.00089394, -0.14780124, -0.01971815
  -0.03253090, 0.97414404, -0.22357345, 0.04828922
  0.14417955, 0.22592598, 0.96341562, 0.02150053
  0.00000000, 0.00000000, 0.00000000, 1.00000000]
140363713673831920 pose is
[0.98913562, 0.00022836, -0.14700565, -0.01944934
  -0.03335477, 0.97426689, -0.22291598, 0.05851584
  0.14317183, 0.22539748, 0.96368968, 0.02785893
  0.00000000, 0.00000000, 0.00000000, 1.00000000]
140363713678831888 pose is
[0.98914701, -0.00162254, -0.14692025, -0.01935650
  -0.03076315, 0.97548902, -0.21788724, 0.07358955
  0.14367262, 0.22004224, 0.96485209, 0.03505387
  0.00000000, 0.00000000, 0.00000000, 1.00000000]
140363713683831904 pose is
[0.98933917, -0.00238426, -0.14561015, -0.01921480
  -0.02772062, 0.97850150, -0.20436826, 0.09317993
  0.14296702, 0.20622593, 0.96800375, 0.04309585
  0.00000000, 0.00000000, 0.00000000, 1.00000000]
140363713688831904 pose is
[0.98885006, -0.00754950, -0.14872327, -0.02002950
  -0.02036015, 0.98248124, -0.18524587, 0.11651662
  0.14751634, 0.18620841, 0.97137290, 0.05086342
  0.00000000, 0.00000000, 0.00000000, 1.00000000]
140363713693831920 pose is
[0.98799127, -0.00770064, -0.15431778, -0.02041731
  -0.01775259, 0.98648542, -0.16288450, 0.14195213
  0.15348656, 0.16366801, 0.97450227, 0.05727125
  0.00000000, 0.00000000, 0.00000000, 1.00000000]
140363713698831888 pose is
[0.98609418, -0.01114769, -0.16581303, -0.02214708
  -0.01240370, 0.99002779, -0.14032516, 0.16816314
  0.16572380, 0.14043052, 0.97612238, 0.06255457
  0.00000000, 0.00000000, 0.00000000, 1.00000000]
140363713703831904 pose is
[0.98424041, -0.00901692, -0.17660543, -0.02282721
  -0.01171978, 0.99317724, -0.11602406, 0.19259009
  0.17644668, 0.11626535, 0.97741956, 0.06677847
  0.00000000, 0.00000000, 0.00000000, 1.00000000]
140363713708831904 pose is
[0.98243356, -0.00643687, -0.18650158, -0.02288054
  -0.01101729, 0.99566102, -0.09239977, 0.21640579
  0.18628712, 0.09283137, 0.97809994, 0.06860857
  0.00000000, 0.00000000, 0.00000000, 1.00000000]
140363713713831904 pose is
[0.98213214, 0.00678485, -0.18807039, -0.02007623
  -0.01978727, 0.99753350, -0.06734500, 0.23596704
  0.18714958, 0.06986309, 0.97984397, 0.06909237
  0.00000000, 0.00000000, 0.00000000, 1.00000000]
140363713718831904 pose is
[0.98238766, 0.01783291, -0.18600112, -0.01623441
  -0.02684547, 0.99857843, -0.04604866, 0.24806634
  0.18491551, 0.05023093, 0.98146987, 0.06829223
  0.00000000, 0.00000000, 0.00000000, 1.00000000]
140363713723831920 pose is
[0.98303211, 0.01933899, -0.18241133, -0.01559214
  -0.02543410, 0.99919158, -0.03113397, 0.25527203
  0.18166175, 0.03524516, 0.98272926, 0.06609499
  0.00000000, 0.00000000, 0.00000000, 1.00000000]
140363713728831888 pose is
[0.98317736, 0.01946871, -0.18161297, -0.01628038
  -0.02383457, 0.99947625, -0.02188778, 0.25744605
  0.18109173, 0.02584823, 0.98312646, 0.06446709
  0.00000000, 0.00000000, 0.00000000, 1.00000000]
140363713733831904 pose is
[0.98314524, 0.01703516, -0.18203081, -0.01724202
  -0.02031148, 0.99966323, -0.01614952, 0.25639272
  0.18169440, 0.01957463, 0.98316020, 0.06327303
  0.00000000, 0.00000000, 0.00000000, 1.00000000]
140363713738831904 pose is
[0.98366034, 0.01486273, -0.17941977, -0.01909760
  -0.01715539, 0.99978971, -0.01123329, 0.24577358
  0.17921507, 0.01412775, 0.98370850, 0.05564635
  0.00000000, 0.00000000, 0.00000000, 1.00000000]
140363713743831920 pose is
[0.98429161, 0.01517335, -0.17589724, -0.01933239
  -0.01742846, 0.99978447, -0.01128276, 0.23190510
  0.17568813, 0.01417114, 0.98434389, 0.05053002
  0.00000000, 0.00000000, 0.00000000, 1.00000000]
140363713748831888 pose is
[0.98421770, 0.00770418, -0.17679413, -0.01966214
  -0.01132278, 0.99974638, -0.01946816, 0.20717549
  0.17659931, 0.02116271, 0.98405528, 0.04466690
  0.00000000, 0.00000000, 0.00000000, 1.00000000]
140363713753831904 pose is
[0.98450917, -0.00050339, -0.17533225, -0.02132090
  -0.00579345, 0.99935645, -0.03540006, 0.18695156
  0.17523724, 0.03586746, 0.98387265, 0.04166349
  0.00000000, 0.00000000, 0.00000000, 1.00000000]
140363713758831904 pose is
[0.98384500, -0.01158606, -0.17864721, -0.02326933
  0.00118231, 0.99830234, -0.05823307, 0.16476041
  0.17901862, 0.05708110, 0.98218840, 0.03958349
  0.00000000, 0.00000000, 0.00000000, 1.00000000]
140363713763831904 pose is
[0.98277843, -0.02137230, -0.18354769, -0.02459538
  0.00520651, 0.99609733, -0.08810812, 0.14354210
  0.18471444, 0.08563513, 0.97905421, 0.03631142
  0.00000000, 0.00000000, 0.00000000, 1.00000000]
140363713768831904 pose is
[0.98220891, -0.02449959, -0.18618667, -0.02492709
  0.00275486, 0.99322647, -0.11616191, 0.12087655
  0.18777145, 0.11358234, 0.97562337, 0.03173563
  0.00000000, 0.00000000, 0.00000000, 1.00000000]
140363713773831920 pose is
[0.98283565, -0.02103578, -0.18328018, -0.02342412
  -0.00500815, 0.99006939, -0.14049022, 0.09927001
  0.18441543, 0.13899669, 0.97297013, 0.02709748
  0.00000000, 0.00000000, 0.00000000, 1.00000000]
140363713778831888 pose is
[0.98397744, -0.01670003, -0.17750914, -0.02170318
  -0.01207000, 0.98708028, -0.15977140, 0.08021229
  0.17788395, 0.15935399, 0.97106314, 0.02327467
  0.00000000, 0.00000000, 0.00000000, 1.00000000]
140363713783831904 pose is
[0.98526007, -0.01279236, -0.17058426, -0.02080881
  -0.01741662, 0.98451638, -0.17442515, 0.06353253
  0.17017432, 0.17482513, 0.96978188, 0.02010430
  0.00000000, 0.00000000, 0.00000000, 1.00000000]
140363713788831904 pose is
[0.98647410, -0.01080794, -0.16356042, -0.02029035
  -0.02057758, 0.98176479, -0.18898277, 0.05045651
  0.16262038, 0.18979229, 0.96826315, 0.01808853
  0.00000000, 0.00000000, 0.00000000, 1.00000000]
140363713793831920 pose is
[0.98699099, -0.01335583, -0.16021992, -0.02050998
  -0.02005263, 0.97853583, -0.20509881, 0.04134554
  0.15952021, 0.20564350, 0.96553820, 0.01714827
  0.00000000, 0.00000000, 0.00000000, 1.00000000]
140363713798831888 pose is
[0.98736030, -0.01649544, -0.15763099, -0.02130027
  -0.01922934, 0.97475404, -0.22245167, 0.03706810
  0.15732090, 0.22267109, 0.96211630, 0.01759188
  0.00000000, 0.00000000, 0.00000000, 1.00000000]
140363713803831904 pose is
[0.98747057, -0.01713502, -0.15687034, -0.02212896
  -0.02100473, 0.97096926, -0.23828039, 0.03895043
  0.15639921, 0.23858988, 0.95844364, 0.02004831
  0.00000000, 0.00000000, 0.00000000, 1.00000000]
140363713808831904 pose is
[0.98788923, -0.01309770, -0.15460706, -0.02274570
  -0.02546279, 0.96923691, -0.24480897, 0.04686961
  0.15305731, 0.24578087, 0.95716518, 0.02516363
  0.00000000, 0.00000000, 0.00000000, 1.00000000]
140363713813831904 pose is
[0.98864609, -0.01098655, -0.14986043, -0.02297414
  -0.02565149, 0.97034395, -0.24036351, 0.05999703
  0.14805692, 0.24147859, 0.95904493, 0.03236173
  0.00000000, 0.00000000, 0.00000000, 1.00000000]
140363713818831904 pose is
[0.98922896, -0.02122354, -0.14482948, -0.02511564
  -0.01265608, 0.97332591, -0.22907756, 0.07787930
  0.14582811, 0.22844313, 0.96257359, 0.03861063
  0.00000000, 0.00000000, 0.00000000, 1.00000000]
140363713823831920 pose is
[0.98788875, -0.04078305, -0.14970821, -0.02915521
  0.00873890, 0.97793227, -0.20873934, 0.09899036
  0.15491751, 0.20490296, 0.96644467, 0.04488236
  0.00000000, 0.00000000, 0.00000000, 1.00000000]
140363713828831888 pose is
[0.98636484, -0.05063304, -0.15659101, -0.03262996
  0.02188228, 0.98339736, -0.18014114, 0.12301110
  0.16311228, 0.17425832, 0.97109652, 0.05051682
  0.00000000, 0.00000000, 0.00000000, 1.00000000]
140363713833831904 pose is
[0.98481274, -0.05517188, -0.16462064, -0.03436403
  0.03078404, 0.98863125, -0.14717557, 0.14780778
  0.17086905, 0.13987269, 0.97531503, 0.05446187
  0.00000000, 0.00000000, 0.00000000, 1.00000000]
140363713838831904 pose is
[0.98326504, -0.05157707, -0.17472731, -0.03552276
  0.03217862, 0.99317700, -0.11208925, 0.17336589
  0.17931637, 0.10459096, 0.97821593, 0.05465730
  0.00000000, 0.00000000, 0.00000000, 1.00000000]
140363713843831920 pose is
[0.98105770, -0.05287797, -0.18635921, -0.03625119
  0.03861868, 0.99609977, -0.07933373, 0.19415534
  0.18982738, 0.07063401, 0.97927338, 0.05548299
  0.00000000, 0.00000000, 0.00000000, 1.00000000]
140363713848831888 pose is
[0.97916013, -0.04874054, -0.19715422, -0.03577342
  0.03928732, 0.99789572, -0.05158095, 0.20904550
  0.19925345, 0.04276035, 0.97901464, 0.05360857
  0.00000000, 0.00000000, 0.00000000, 1.00000000]
140363713853831904 pose is
[0.97802305, -0.04411261, -0.20377693, -0.03536704
  0.03883629, 0.99880052, -0.02982137, 0.22243446
  0.20484799, 0.02125204, 0.97856307, 0.05209854
  0.00000000, 0.00000000, 0.00000000, 1.00000000]
140363713858831904 pose is
[0.97735256, -0.04226026, -0.20735487, -0.03560871
  0.03998669, 0.99908543, -0.01514562, 0.23100072
  0.20780529, 0.00651117, 0.97814852, 0.05081511
  0.00000000, 0.00000000, 0.00000000, 1.00000000]
140363713863831904 pose is
[0.97772515, -0.03820550, -0.20638277, -0.03486192
  0.03767039, 0.99926895, -0.00652322, 0.23374853
  0.20648110, -0.00139661, 0.97844958, 0.04908999
  0.00000000, 0.00000000, 0.00000000, 1.00000000]
140363713868831904 pose is
[0.97814310, -0.03651830, -0.20470096, -0.03376274
  0.03628081, 0.99932957, -0.00491443, 0.23075853
  0.20474318, -0.00261971, 0.97881222, 0.04730522
  0.00000000, 0.00000000, 0.00000000, 1.00000000]
140363713873831920 pose is
[0.97915328, -0.03063542, -0.20079927, -0.03288067
  0.02974454, 0.99952972, -0.00745297, 0.22299854
  0.20093316, 0.00132492, 0.97960407, 0.04498263
  0.00000000, 0.00000000, 0.00000000, 1.00000000]
140363713878831888 pose is
[0.97947305, -0.02691833, -0.19976984, -0.03180811
  0.02426674, 0.99958205, -0.01571039, 0.21047896
  0.20010924, 0.01054014, 0.97971690, 0.04229015
  0.00000000, 0.00000000, 0.00000000, 1.00000000]
140363713883831904 pose is
[0.97906011, -0.02359767, -0.20219898, -0.03121772
  0.01823052, 0.99943137, -0.02836551, 0.19321971
  0.20275337, 0.02408535, 0.97893357, 0.03829299
  0.00000000, 0.00000000, 0.00000000, 1.00000000]
140363713888831904 pose is
[0.97902942, -0.02369967, -0.20233564, -0.03095984
  0.01472076, 0.99884367, -0.04576659, 0.17697485
  0.20318633, 0.04182830, 0.97824621, 0.03486239
  0.00000000, 0.00000000, 0.00000000, 1.00000000]
140363713893831920 pose is
[0.97974974, -0.02452585, -0.19871831, -0.03071206
  0.01238019, 0.99799103, -0.06213364, 0.15631761
  0.19984297, 0.05841525, 0.97808510, 0.03120627
  0.00000000, 0.00000000, 0.00000000, 1.00000000]
140363713898831888 pose is
[0.98209137, -0.01518915, -0.18779193, -0.02881515
  0.00145265, 0.99732578, -0.07306966, 0.13604830
  0.18839960, 0.07148829, 0.97948712, 0.02457153
  0.00000000, 0.00000000, 0.00000000, 1.00000000]
140363713903831904 pose is
[0.98457336, -0.00467699, -0.17490961, -0.02637385
  -0.00994029, 0.99653310, -0.08260102, 0.11645561
  0.17468953, 0.08306541, 0.98111349, 0.01853453
  0.00000000, 0.00000000, 0.00000000, 1.00000000]
140363713908831904 pose is
[0.98633140, 0.00548987, -0.16468222, -0.02431795
  -0.02055090, 0.99573952, -0.08989144, 0.09700991
  0.16348711, 0.09204712, 0.98224199, 0.01230525
  0.00000000, 0.00000000, 0.00000000, 1.00000000]
140363713913831904 pose is
[0.98765123, 0.01116605, -0.15627000, -0.02311641
  -0.02659680, 0.99492848, -0.09700482, 0.07968748
  0.15439431, 0.09996321, 0.98293936, 0.00654798
  0.00000000, 0.00000000, 0.00000000, 1.00000000]
140363713918831904 pose is
[0.98880988, 0.01731545, -0.14817266, -0.02177599
  -0.03296855, 0.99404675, -0.10384683, 0.06420105
  0.14549240, 0.10756981, 0.98349410, 0.00214695
  0.00000000, 0.00000000, 0.00000000, 1.00000000]
140363713923831920 pose is
[0.98966467, 0.01654309, -0.14244361, -0.02132647
  -0.03239427, 0.99343759, -0.10969207, 0.05035900
  0.13969418, 0.11317272, 0.98370600, -0.00331086
  0.00000000, 0.00000000, 0.00000000, 1.00000000]
140363713928831888 pose is
[0.99039185, 0.01630757, -0.13732481, -0.02070844
  -0.03186544, 0.99321193, -0.11186909, 0.04026710
  0.13456833, 0.11517015, 0.98418862, -0.00720322
  0.00000000, 0.00000000, 0.00000000, 1.00000000]
140363713933831904 pose is
[0.99098194, 0.01387217, -0.13327555, -0.02046327
  -0.02914093, 0.99313241, -0.11330834, 0.03232740
  0.13078843, 0.11617029, 0.98458052, -0.01118386
  0.00000000, 0.00000000, 0.00000000, 1.00000000]
140363713938831904 pose is
[0.99159068, 0.00898156, -0.12910181, -0.02050311
  -0.02402293, 0.99302530, -0.11542827, 0.02707991
  0.12716465, 0.11755900, 0.98489034, -0.01414066
  0.00000000, 0.00000000, 0.00000000, 1.00000000]
140363713943831920 pose is
[0.99274695, 0.00465813, -0.12013248, -0.02039834
  -0.01856690, 0.99320108, -0.11492123, 0.02310509
  0.11878038, 0.11631820, 0.98608381, -0.01590695
  0.00000000, 0.00000000, 0.00000000, 1.00000000]
140363713948831888 pose is
[0.99382561, 0.00231034, -0.11092943, -0.02001643
  -0.01476885, 0.99364114, -0.11162070, 0.02040629
  0.10996616, 0.11256981, 0.98754013, -0.01714209
  0.00000000, 0.00000000, 0.00000000, 1.00000000]
140363713953831904 pose is
[0.99469978, 0.00407419, -0.10274099, -0.01969094
  -0.01508705, 0.99418294, -0.10664292, 0.01834621
  0.10170885, 0.10762775, 0.98897499, -0.01812799
  0.00000000, 0.00000000, 0.00000000, 1.00000000]
140363713958831904 pose is
[0.99507242, 0.00331477, -0.09909547, -0.01922279
  -0.01331461, 0.99485594, -0.10042120, 0.01669664
  0.09825285, 0.10124578, 0.98999780, -0.01938967
  0.00000000, 0.00000000, 0.00000000, 1.00000000]
140363713963831904 pose is
[0.99532574, -0.00082096, -0.09657114, -0.01878027
  -0.00832171, 0.99551547, -0.09423199, 0.01495725
  0.09621543, 0.09459516, 0.99085534, -0.02032988
  0.00000000, 0.00000000, 0.00000000, 1.00000000]
140363713968831904 pose is
[0.99568105, -0.00309330, -0.09278855, -0.01863037
  -0.00524206, 0.99597716, -0.08945370, 0.01327896
  0.09269199, 0.08955376, 0.99165940, -0.02127748
  0.00000000, 0.00000000, 0.00000000, 1.00000000]
140363713973831920 pose is
[0.99595106, -0.00461057, -0.08977869, -0.01851612
  -0.00318031, 0.99625176, -0.08644281, 0.01115348
  0.08984073, 0.08637833, 0.99220330, -0.02214382
  0.00000000, 0.00000000, 0.00000000, 1.00000000]
140363713978831888 pose is
[0.99597156, -0.00530600, -0.08951231, -0.01843676
  -0.00233507, 0.99637449, -0.08504345, 0.00928678
  0.08963902, 0.08490987, 0.99234831, -0.02266510
  0.00000000, 0.00000000, 0.00000000, 1.00000000]
140363713983831904 pose is
[0.99606007, -0.00232621, -0.08865051, -0.01891140
  -0.00470347, 0.99686313, -0.07900517, 0.00823113
  0.08855621, 0.07911086, 0.99292463, -0.02302998
  0.00000000, 0.00000000, 0.00000000, 1.00000000]
140363713988831904 pose is
[0.99592662, -0.00048797, -0.09016617, -0.01947109
  -0.00532832, 0.99791932, -0.06425434, 0.00778227
  0.09000991, 0.06447303, 0.99385184, -0.02321427
  0.00000000, 0.00000000, 0.00000000, 1.00000000]
140363713993831920 pose is
[0.99556744, 0.00435880, -0.09394917, -0.02006975
  -0.00936875, 0.99855316, -0.05295127, 0.00728241
  0.09358244, 0.05359674, 0.99416786, -0.02358772
  0.00000000, 0.00000000, 0.00000000, 1.00000000]
140363713998831888 pose is
[0.99503344, 0.01039452, -0.09899706, -0.02020323
  -0.01490537, 0.99887872, -0.04493545, 0.00687225
  0.09841897, 0.04618787, 0.99407262, -0.02328338
  0.00000000, 0.00000000, 0.00000000, 1.00000000]
140363714003831904 pose is
[0.99443328, 0.02021076, -0.10341148, -0.02039413
  -0.02390375, 0.99911541, -0.03459777, 0.00675873
  0.10262076, 0.03687710, 0.99403673, -0.02287856
  0.00000000, 0.00000000, 0.00000000, 1.00000000]
140363714008831904 pose is
[0.99379265, 0.01960891, -0.10950638, -0.02085762
  -0.02223370, 0.99949276, -0.02279983, 0.00654231
  0.10900376, 0.02509303, 0.99372458, -0.02249819
  0.00000000, 0.00000000, 0.00000000, 1.00000000]
140363714013831904 pose is
[0.99310136, 0.02097905, -0.11536697, -0.02111522
  -0.02230906, 0.99969858, -0.01024927, 0.00643766
  0.11511717, 0.01275229, 0.99327004, -0.02190844
  0.00000000, 0.00000000, 0.00000000, 1.00000000]
140363714018831904 pose is
[0.99264377, 0.02337402, -0.11879384, -0.02141637
  -0.02403670, 0.99970245, -0.00414842, 0.00642546
  0.11866153, 0.00697332, 0.99291027, -0.02153523
  0.00000000, 0.00000000, 0.00000000, 1.00000000]
140363714023831920 pose is
[0.99199438, 0.02290496, -0.12418728, -0.02196408
  -0.02395434, 0.99968880, -0.00696312, 0.00613236
  0.12398914, 0.00988220, 0.99223435, -0.02176770
  0.00000000, 0.00000000, 0.00000000, 1.00000000]
140363714028831888 pose is
[0.99177277, 0.02557501, -0.12543005, -0.02239345
  -0.02660074, 0.99962497, -0.00650937, 0.00598867
  0.12521651, 0.00979235, 0.99208111, -0.02184388
  0.00000000, 0.00000000, 0.00000000, 1.00000000]
140363714033831904 pose is
[0.99168736, 0.02992888, -0.12514183, -0.02261740
  -0.03076936, 0.99951506, -0.00478835, 0.00581754
  0.12493783, 0.00859908, 0.99212730, -0.02174021
  0.00000000, 0.00000000, 0.00000000, 1.00000000]
140363714038831904 pose is
[0.99167860, 0.03346861, -0.12431198, -0.02258552
  -0.03426905, 0.99940336, -0.00430557, 0.00605520
  0.12409372, 0.00852979, 0.99223381, -0.02164451
  0.00000000, 0.00000000, 0.00000000, 1.00000000]
140363714043831920 pose is
[0.99172026, 0.03132221, -0.12453838, -0.02258204
  -0.03215858, 0.99947166, -0.00471059, 0.00593239
  0.12432504, 0.00867656, 0.99220359, -0.02167059
  0.00000000, 0.00000000, 0.00000000, 1.00000000]
140363714048831888 pose is
[0.99169272, 0.03404439, -0.12404232, -0.02253398
  -0.03482952, 0.99938458, -0.00416585, 0.00608167
  0.12382416, 0.00845158, 0.99226820, -0.02160037
  0.00000000, 0.00000000, 0.00000000, 1.00000000]
140363714053831904 pose is
[0.99164474, 0.03429579, -0.12435626, -0.02109801
  -0.03509202, 0.99937516, -0.00421738, 0.00566655
  0.12413393, 0.00854606, 0.99222869, -0.02029048
  0.00000000, 0.00000000, 0.00000000, 1.00000000]
140363714058831904 pose is
[0.99167931, 0.03702893, -0.12329255, -0.02097114
  -0.03776293, 0.99928015, -0.00362096, 0.00574746
  0.12306972, 0.00824672, 0.99236375, -0.02027563
  0.00000000, 0.00000000, 0.00000000, 1.00000000]
140363714063831904 pose is
[0.99166280, 0.03618751, -0.12367431, -0.02092250
  -0.03692555, 0.99931127, -0.00367988, 0.00569699
  0.12345596, 0.00821594, 0.99231607, -0.02036520
  0.00000000, 0.00000000, 0.00000000, 1.00000000]
140363714068831904 pose is
[0.99169016, 0.03672164, -0.12329718, -0.02088914
  -0.03749106, 0.99928927, -0.00392522, 0.00577398
  0.12306541, 0.00851515, 0.99236202, -0.02026356
  0.00000000, 0.00000000, 0.00000000, 1.00000000]
140363714073831920 pose is
[0.99169576, 0.03648240, -0.12332273, -0.02092424
  -0.03721752, 0.99930048, -0.00366172, 0.00570592
  0.12310287, 0.00822108, 0.99235988, -0.02033578
  0.00000000, 0.00000000, 0.00000000, 1.00000000]
140363714078831888 pose is
[0.99171323, 0.03695803, -0.12304059, -0.02093651
  -0.03768620, 0.99928313, -0.00359525, 0.00573716
  0.12281951, 0.00820239, 0.99239510, -0.02026023
  0.00000000, 0.00000000, 0.00000000, 1.00000000]
140363714083831904 pose is
[0.99169964, 0.03729738, -0.12304763, -0.02092989
  -0.03805326, 0.99926847, -0.00379780, 0.00578480
  0.12281597, 0.00844864, 0.99239349, -0.02026197
  0.00000000, 0.00000000, 0.00000000, 1.00000000]
140363714088831904 pose is
[0.99167824, 0.03712017, -0.12327375, -0.02090118
  -0.03785163, 0.99927688, -0.00359614, 0.00575369
  0.12305112, 0.00823233, 0.99236619, -0.02028807
  0.00000000, 0.00000000, 0.00000000, 1.00000000]
140363714093831920 pose is
[0.99168050, 0.03677324, -0.12335927, -0.02091631
  -0.03751558, 0.99928921, -0.00369946, 0.00573148
  0.12313554, 0.00829657, 0.99235517, -0.02034163
  0.00000000, 0.00000000, 0.00000000, 1.00000000]
140363714098831888 pose is
[0.99167186, 0.03697281, -0.12336897, -0.02083140
  -0.03773910, 0.99928010, -0.00387952, 0.00576728
  0.12313672, 0.00850305, 0.99235326, -0.02017936
  0.00000000, 0.00000000, 0.00000000, 1.00000000]
140363714103831904 pose is
[0.99167478, 0.03695235, -0.12335187, -0.02090287
  -0.03772117, 0.99928069, -0.00390239, 0.00577646
  0.12311894, 0.00852288, 0.99235535, -0.02026510
  0.00000000, 0.00000000, 0.00000000, 1.00000000]
140363714108831904 pose is
[0.99168634, 0.03698604, -0.12324868, -0.02089456
  -0.03775203, 0.99927956, -0.00388464, 0.00576722
  0.12301621, 0.00850523, 0.99236822, -0.02024006
  0.00000000, 0.00000000, 0.00000000, 1.00000000]
140363714113831904 pose is
[0.99167812, 0.03680560, -0.12336856, -0.02092012
  -0.03756660, 0.99928671, -0.00384726, 0.00574836
  0.12313896, 0.00844978, 0.99235344, -0.02032386
  0.00000000, 0.00000000, 0.00000000, 1.00000000]
140363714118831904 pose is
[0.99170601, 0.03717230, -0.12303413, -0.02098008
  -0.03795969, 0.99927104, -0.00406113, 0.00578463
  0.12279348, 0.00869779, 0.99239415, -0.02025592
  0.00000000, 0.00000000, 0.00000000, 1.00000000]
140363714123831920 pose is
[0.99169046, 0.03707613, -0.12318855, -0.02088084
  -0.03784763, 0.99927580, -0.00392775, 0.00577643
  0.12295371, 0.00855751, 0.99237549, -0.02017436
  0.00000000, 0.00000000, 0.00000000, 1.00000000]
140363714128831888 pose is
[0.99167418, 0.03699373, -0.12334430, -0.02088027
  -0.03774815, 0.99928010, -0.00378420, 0.00577133
  0.12311552, 0.00840871, 0.99235672, -0.02025183
  0.00000000, 0.00000000, 0.00000000, 1.00000000]
140363714133831904 pose is
[0.99166751, 0.03702525, -0.12338823, -0.02090481
  -0.03778379, 0.99927866, -0.00381246, 0.00577262
  0.12315807, 0.00844276, 0.99235117, -0.02025558
  0.00000000, 0.00000000, 0.00000000, 1.00000000]
140363714138831904 pose is
[0.99168545, 0.03694347, -0.12326872, -0.02091697
  -0.03772667, 0.99927998, -0.00402473, 0.00576896
  0.12303128, 0.00864179, 0.99236518, -0.02026223
  0.00000000, 0.00000000, 0.00000000, 1.00000000]
140363714143831920 pose is
[0.99168855, 0.03697598, -0.12323387, -0.02093815
  -0.03772033, 0.99928147, -0.00371176, 0.00575114
  0.12300807, 0.00832933, 0.99237072, -0.02027532
  0.00000000, 0.00000000, 0.00000000, 1.00000000]
140363714148831888 pose is
[0.99168545, 0.03722140, -0.12318505, -0.02091915
  -0.03800309, 0.99926960, -0.00400127, 0.00580472
  0.12294614, 0.00864942, 0.99237567, -0.02026466
  0.00000000, 0.00000000, 0.00000000, 1.00000000]
140363714153831904 pose is
[0.99167317, 0.03704429, -0.12333704, -0.02090721
  -0.03781844, 0.99927688, -0.00394068, 0.00578969
  0.12310188, 0.00857228, 0.99235702, -0.02022865
  0.00000000, 0.00000000, 0.00000000, 1.00000000]
140363714158831904 pose is
[0.99167275, 0.03735416, -0.12324707, -0.02091104
  -0.03812100, 0.99926561, -0.00386888, 0.00579170
  0.12301204, 0.00853497, 0.99236846, -0.02022821
  0.00000000, 0.00000000, 0.00000000, 1.00000000]
140363714163831904 pose is
[0.99167347, 0.03710402, -0.12331656, -0.02092041
  -0.03786445, 0.99927557, -0.00382780, 0.00576528
  0.12308519, 0.00846524, 0.99236000, -0.02027139
  0.00000000, 0.00000000, 0.00000000, 1.00000000]
140363714168831904 pose is
[0.99168390, 0.03722686, -0.12319602, -0.02093539
