100000000 pose is
[]
200000000 pose is
[]
300000000 pose is
[]
400000000 pose is
[]
500000000 pose is
[]
600000000 pose is
[]
700000000 pose is
[]
800000000 pose is
[]
900000000 pose is
[]
1000000000 pose is
[]
1100000000 pose is
[]
1200000000 pose is
[]
1300000000 pose is
[]
1400000000 pose is
[]
1500000000 pose is
[]
1600000000 pose is
[]
1700000000 pose is
[]
1800000000 pose is
[]
1900000000 pose is
[]
2000000000 pose is
[]
2100000000 pose is
[]
2200000000 pose is
[]
2300000000 pose is
[]
2400000000 pose is
[]
2500000000 pose is
[]
2600000000 pose is
[]
2700000000 pose is
[]
2800000000 pose is
[]
2900000000 pose is
[]
3000000000 pose is
[]
3100000000 pose is
[]
3200000000 pose is
[]
3300000000 pose is
[]
3400000000 pose is
[]
3500000000 pose is
[]
3600000000 pose is
[]
3700000000 pose is
[]
3800000000 pose is
[]
3900000000 pose is
[]
4000000000 pose is
[]
4100000000 pose is
[]
4200000000 pose is
[]
4300000000 pose is
[]
4400000000 pose is
[]
4500000000 pose is
[]
4600000000 pose is
[]
4700000000 pose is
[]
4800000000 pose is
[]
4900000000 pose is
[]
5000000000 pose is
[]
5100000000 pose is
[]
5200000000 pose is
[]
5300000000 pose is
[]
5400000000 pose is
[]
5500000000 pose is
[]
5600000000 pose is
[]
5700000000 pose is
[]
5800000000 pose is
[]
5900000000 pose is
[]
6000000000 pose is
[]
6100000000 pose is
[]
6200000000 pose is
[]
6300000000 pose is
[]
6400000000 pose is
[]
6500000000 pose is
[]
6600000000 pose is
[]
6700000000 pose is
[]
6800000000 pose is
[]
6900000000 pose is
[]
7000000000 pose is
[]
7100000000 pose is
[]
7200000000 pose is
[]
7300000000 pose is
[]
7400000000 pose is
[]
7500000000 pose is
[]
7600000000 pose is
[]
7700000000 pose is
[]
7800000000 pose is
[]
7900000000 pose is
[]
8000000000 pose is
[]
8100000000 pose is
[]
8200000000 pose is
[]
8300000000 pose is
[]
8400000000 pose is
[]
8500000000 pose is
[]
8600000000 pose is
[]
8700000000 pose is
[]
8800000000 pose is
[]
8900000000 pose is
[]
9000000000 pose is
[]
9100000000 pose is
[]
9200000000 pose is
[]
9300000000 pose is
[]
9400000000 pose is
[]
9500000000 pose is
[]
9600000000 pose is
[]
9700000000 pose is
[]
9800000000 pose is
[]
9900000000 pose is
[]
10000000000 pose is
[]
10100000000 pose is
[]
10200000000 pose is
[]
10300000000 pose is
[]
10400000000 pose is
[]
10500000000 pose is
[]
10600000000 pose is
[]
10700000000 pose is
[]
10800000000 pose is
[]
10900000000 pose is
[]
11000000000 pose is
[]
11100000000 pose is
[]
11200000000 pose is
[]
11300000000 pose is
[]
11400000000 pose is
[]
11500000000 pose is
[]
11600000000 pose is
[]
11700000000 pose is
[]
11800000000 pose is
[]
11900000000 pose is
[]
12000000000 pose is
[]
12100000000 pose is
[]
12200000000 pose is
[]
12300000000 pose is
[]
12400000000 pose is
[]
12500000000 pose is
[]
12600000000 pose is
[]
12700000000 pose is
[]
12800000000 pose is
[]
12900000000 pose is
[]
13000000000 pose is
[]
13100000000 pose is
[]
13200000000 pose is
[]
13300000000 pose is
[]
13400000000 pose is
[]
13500000000 pose is
[]
13600000000 pose is
[]
13700000000 pose is
[]
13800000000 pose is
[]
13900000000 pose is
[]
14000000000 pose is
[]
14100000000 pose is
[]
14200000000 pose is
[]
14300000000 pose is
[]
14400000000 pose is
[]
14500000000 pose is
[]
14600000000 pose is
[]
14700000000 pose is
[]
14800000000 pose is
[]
14900000000 pose is
[]
15000000000 pose is
[]
15100000000 pose is
[]
15200000000 pose is
[]
15300000000 pose is
[]
15400000000 pose is
[]
15500000000 pose is
[]
15600000000 pose is
[]
15700000000 pose is
[]
15800000000 pose is
[]
15900000000 pose is
[]
16000000000 pose is
[]
16100000000 pose is
[]
16200000000 pose is
[]
16300000000 pose is
[]
16400000000 pose is
[]
16500000000 pose is
[]
16600000000 pose is
[]
16700000000 pose is
[]
16800000000 pose is
[]
16900000000 pose is
[]
17000000000 pose is
[]
17100000000 pose is
[]
17200000000 pose is
[]
17300000000 pose is
[]
17400000000 pose is
[]
17500000000 pose is
[]
17600000000 pose is
[]
17700000000 pose is
[0.99987113, 0.01356511, 0.00859115, -0.60927129;
  -0.01326980, 0.99934864, -0.03355935, 0.28221107;
  -0.00904098, 0.03344111, 0.99939984, -0.74104345;
  0.00000000, 0.00000000, 0.00000000, 1.00000000]
17800000000 pose is
[]
17900000000 pose is
[]
18000000000 pose is
[]
18100000000 pose is
[]
18200000000 pose is
[]
18300000000 pose is
[]
18400000000 pose is
[]
18500000000 pose is
[]
18600000000 pose is
[]
18700000000 pose is
[]
18800000000 pose is
[]
18900000000 pose is
[]
19000000000 pose is
[]
19100000000 pose is
[]
19200000000 pose is
[]
19300000000 pose is
[]
19400000000 pose is
[]
19500000000 pose is
[]
19600000000 pose is
[]
19700000000 pose is
[]
19800000000 pose is
[]
19900000000 pose is
[]
20000000000 pose is
[]
20100000000 pose is
[]
20200000000 pose is
[]
20300000000 pose is
[0.99970394, 0.00438424, 0.02393411, -0.03459422;
  -0.00383654, 0.99973083, -0.02288188, 0.00447056;
  -0.02402799, 0.02278328, 0.99945164, -0.04374097;
  0.00000000, 0.00000000, 0.00000000, 1.00000000]
20400000000 pose is
[0.99961811, 0.00440207, 0.02728062, -0.03872886;
  -0.00381342, 0.99975961, -0.02159200, 0.00570328;
  -0.02736912, 0.02147972, 0.99939460, -0.04915435;
  0.00000000, 0.00000000, 0.00000000, 1.00000000]
20500000000 pose is
[0.99964041, 0.00448319, 0.02643829, -0.03721683;
  -0.00393720, 0.99977863, -0.02066731, 0.00444889;
  -0.02652510, 0.02055579, 0.99943680, -0.05258061;
  0.00000000, 0.00000000, 0.00000000, 1.00000000]
20600000000 pose is
[0.99945301, 0.00067842, 0.03306325, -0.04214983;
  0.00015751, 0.99968058, -0.02527374, 0.00759188;
  -0.03306984, 0.02526512, 0.99913365, -0.06108223;
  0.00000000, 0.00000000, 0.00000000, 1.00000000]
20700000000 pose is
[0.99926019, 0.00165829, 0.03842245, -0.04818201;
  -0.00056855, 0.99959773, -0.02835554, 0.01510973;
  -0.03845401, 0.02831271, 0.99885917, -0.06786837;
  0.00000000, 0.00000000, 0.00000000, 1.00000000]
20800000000 pose is
[0.99933451, 0.00223712, 0.03640810, -0.04560259;
  -0.00155591, 0.99982339, -0.01872825, 0.00838379;
  -0.03644357, 0.01865914, 0.99916148, -0.07020710;
  0.00000000, 0.00000000, 0.00000000, 1.00000000]
20900000000 pose is
[0.99909389, -0.00297418, 0.04245624, -0.04849726;
  0.00395060, 0.99972922, -0.02293301, 0.01120981;
  -0.04237654, 0.02307996, 0.99883509, -0.07688528;
  0.00000000, 0.00000000, 0.00000000, 1.00000000]
21000000000 pose is
[0.99891162, -0.00578840, 0.04628314, -0.04964786;
  0.00692621, 0.99967676, -0.02446111, 0.01536365;
  -0.04612660, 0.02475505, 0.99862880, -0.08247547;
  0.00000000, 0.00000000, 0.00000000, 1.00000000]
21100000000 pose is
[0.99873906, -0.00555366, 0.04989426, -0.05212991;
  0.00664318, 0.99974251, -0.02169730, 0.01699805;
  -0.04976092, 0.02200139, 0.99851882, -0.08848809;
  0.00000000, 0.00000000, 0.00000000, 1.00000000]
21200000000 pose is
[0.99860042, -0.00769310, 0.05232613, -0.05318525;
  0.00859015, 0.99981958, -0.01694006, 0.01504833;
  -0.05218637, 0.01736584, 0.99848634, -0.09283476;
  0.00000000, 0.00000000, 0.00000000, 1.00000000]
21300000000 pose is
[0.99834836, -0.01294523, 0.05597304, -0.05342693;
  0.01397158, 0.99974066, -0.01798417, 0.01552508;
  -0.05572571, 0.01873650, 0.99827027, -0.09854063;
  0.00000000, 0.00000000, 0.00000000, 1.00000000]
21400000000 pose is
[0.99809128, -0.01695471, 0.05938310, -0.05461824;
  0.01807713, 0.99966699, -0.01841541, 0.01725017;
  -0.05905110, 0.01945373, 0.99806541, -0.10562365;
  0.00000000, 0.00000000, 0.00000000, 1.00000000]
21500000000 pose is
[0.99807960, -0.01727701, 0.05948629, -0.05460073;
  0.01823595, 0.99971175, -0.01561535, 0.01758092;
  -0.05919936, 0.01667015, 0.99810696, -0.11068656;
  0.00000000, 0.00000000, 0.00000000, 1.00000000]
21600000000 pose is
[0.99799865, -0.02177259, 0.05936874, -0.05331818;
  0.02266910, 0.99963832, -0.01446918, 0.01676318;
  -0.05903224, 0.01578605, 0.99813128, -0.11578228;
  0.00000000, 0.00000000, 0.00000000, 1.00000000]
21700000000 pose is
[0.99782580, -0.02770333, 0.05980120, -0.05163105;
  0.02856245, 0.99950004, -0.01355933, 0.02131120;
  -0.05939566, 0.01523792, 0.99811822, -0.12814391;
  0.00000000, 0.00000000, 0.00000000, 1.00000000]
21800000000 pose is
[0.99785364, -0.02896475, 0.05872975, -0.04930326;
  0.02965394, 0.99950081, -0.01089726, 0.01941069;
  -0.05838479, 0.01261543, 0.99821442, -0.13121964;
  0.00000000, 0.00000000, 0.00000000, 1.00000000]
21900000000 pose is
[0.99752277, -0.03633816, 0.06023181, -0.04572256;
  0.03722191, 0.99921429, -0.01361562, 0.01843627;
  -0.05968972, 0.01582384, 0.99809158, -0.13851665;
  0.00000000, 0.00000000, 0.00000000, 1.00000000]
22000000000 pose is
[0.99717689, -0.03980153, 0.06367153, -0.04620855;
  0.04109960, 0.99897039, -0.01920825, 0.02249438;
  -0.06284145, 0.02177090, 0.99778605, -0.14781608;
  0.00000000, 0.00000000, 0.00000000, 1.00000000]
22100000000 pose is
[0.99708605, -0.04276143, 0.06317356, -0.04639492;
  0.04395863, 0.99887681, -0.01768357, 0.02539485;
  -0.06234644, 0.02040906, 0.99784589, -0.15509981;
  0.00000000, 0.00000000, 0.00000000, 1.00000000]
22200000000 pose is
[0.99722445, -0.04486096, 0.05942087, -0.04273405;
  0.04562858, 0.99889082, -0.01162443, 0.02093247;
  -0.05883348, 0.01430346, 0.99816531, -0.15994202;
  0.00000000, 0.00000000, 0.00000000, 1.00000000]
22300000000 pose is
[0.99735677, -0.04427289, 0.05761408, -0.04068133;
  0.04504022, 0.99891204, -0.01208803, 0.02102133;
  -0.05701623, 0.01465103, 0.99826574, -0.15810467;
  0.00000000, 0.00000000, 0.00000000, 1.00000000]
22400000000 pose is
[0.99704742, -0.05112495, 0.05729504, -0.03772309;
  0.05210825, 0.99851644, -0.01580069, 0.02329401;
  -0.05640223, 0.01873958, 0.99823225, -0.16770348;
  0.00000000, 0.00000000, 0.00000000, 1.00000000]
22500000000 pose is
[0.99703836, -0.05082660, 0.05771638, -0.03638122;
  0.05177966, 0.99854380, -0.01513811, 0.02390194;
  -0.05686292, 0.01808181, 0.99821824, -0.17503227;
  0.00000000, 0.00000000, 0.00000000, 1.00000000]
22600000000 pose is
[0.99703372, -0.04986836, 0.05862473, -0.03413597;
  0.05085825, 0.99858534, -0.01551524, 0.02197395;
  -0.05776808, 0.01845077, 0.99815953, -0.18119229;
  0.00000000, 0.00000000, 0.00000000, 1.00000000]
22700000000 pose is
[0.99652070, -0.05750116, 0.06033296, -0.03110240;
  0.05872256, 0.99809974, -0.01866897, 0.02272418;
  -0.05914482, 0.02214692, 0.99800372, -0.18847448;
  0.00000000, 0.00000000, 0.00000000, 1.00000000]
22800000000 pose is
[0.99625450, -0.06068644, 0.06159632, -0.02909896;
  0.06207122, 0.99785453, -0.02082101, 0.02420348;
  -0.06020061, 0.02456639, 0.99788398, -0.19577233;
  0.00000000, 0.00000000, 0.00000000, 1.00000000]
22900000000 pose is
[0.99623203, -0.06051257, 0.06212869, -0.02697360;
  0.06189048, 0.99787247, -0.02049696, 0.02400191;
  -0.06075619, 0.02426491, 0.99785763, -0.20226397;
  0.00000000, 0.00000000, 0.00000000, 1.00000000]
23000000000 pose is
[0.99612713, -0.06211659, 0.06222777, -0.02372640;
  0.06347989, 0.99777919, -0.02017419, 0.02237312;
  -0.06083643, 0.02404627, 0.99785805, -0.20841038;
  0.00000000, 0.00000000, 0.00000000, 1.00000000]
23100000000 pose is
[0.99567461, -0.06831918, 0.06296475, -0.02105368;
  0.06980187, 0.99732584, -0.02165435, 0.02210897;
  -0.06131697, 0.02595574, 0.99778080, -0.21608938;
  0.00000000, 0.00000000, 0.00000000, 1.00000000]
23200000000 pose is
[0.99538660, -0.07351072, 0.06165753, -0.01783957;
  0.07509357, 0.99689347, -0.02375668, 0.02216829;
  -0.05971962, 0.02827716, 0.99781460, -0.22313419;
  0.00000000, 0.00000000, 0.00000000, 1.00000000]
23300000000 pose is
[0.99523509, -0.07740216, 0.05929586, -0.01388338;
  0.07904563, 0.99653482, -0.02588778, 0.02241491;
  -0.05708662, 0.03045150, 0.99790472, -0.23030224;
  0.00000000, 0.00000000, 0.00000000, 1.00000000]
23400000000 pose is
[0.99520117, -0.07934660, 0.05726059, -0.01007394;
  0.08108255, 0.99629539, -0.02865466, 0.02381965;
  -0.05477481, 0.03315998, 0.99794799, -0.23638019;
  0.00000000, 0.00000000, 0.00000000, 1.00000000]
23500000000 pose is
[0.99526924, -0.08029927, 0.05469148, -0.00526175;
  0.08195349, 0.99622273, -0.02870335, 0.02530768;
  -0.05218004, 0.03304972, 0.99809068, -0.24208283;
  0.00000000, 0.00000000, 0.00000000, 1.00000000]
23600000000 pose is
[0.99518102, -0.08185759, 0.05398170, -0.00276383;
  0.08325486, 0.99623537, -0.02416056, 0.02276796;
  -0.05180075, 0.02853837, 0.99824959, -0.24622537;
  0.00000000, 0.00000000, 0.00000000, 1.00000000]
23700000000 pose is
[0.99500358, -0.08552534, 0.05151066, 0.00097230;
  0.08685108, 0.99593049, -0.02406959, 0.02286878;
  -0.04924247, 0.02842308, 0.99838233, -0.25089154;
  0.00000000, 0.00000000, 0.00000000, 1.00000000]
23800000000 pose is
[0.99519163, -0.08670633, 0.04555893, 0.00825125;
  0.08775735, 0.99590778, -0.02159551, 0.02086878;
  -0.04350003, 0.02548980, 0.99872822, -0.25535163;
  0.00000000, 0.00000000, 0.00000000, 1.00000000]
23900000000 pose is
[0.99491769, -0.09166939, 0.04165918, 0.01520415;
  0.09258891, 0.99548918, -0.02070264, 0.01896636;
  -0.03957346, 0.02445460, 0.99891734, -0.26064238;
  0.00000000, 0.00000000, 0.00000000, 1.00000000]
24000000000 pose is
[0.99446148, -0.09713583, 0.04013667, 0.01969024;
  0.09804726, 0.99495173, -0.02139600, 0.02019864;
  -0.03785573, 0.02521279, 0.99896508, -0.26685363;
  0.00000000, 0.00000000, 0.00000000, 1.00000000]
24100000000 pose is
[0.99444336, -0.10178997, 0.02685546, 0.03274829;
  0.10220438, 0.99465722, -0.01453506, 0.01724979;
  -0.02523245, 0.01719904, 0.99953365, -0.27372220;
  0.00000000, 0.00000000, 0.00000000, 1.00000000]
24200000000 pose is
[0.99448806, -0.10288034, 0.02022818, 0.04081229;
  0.10312986, 0.99459904, -0.01170241, 0.01569733;
  -0.01891498, 0.01372404, 0.99972689, -0.27570328;
  0.00000000, 0.00000000, 0.00000000, 1.00000000]
24300000000 pose is
[0.99421018, -0.10599265, 0.01765281, 0.04688954;
  0.10617213, 0.99430186, -0.00955803, 0.01489364;
  -0.01653914, 0.01137692, 0.99979848, -0.27778590;
  0.00000000, 0.00000000, 0.00000000, 1.00000000]
24400000000 pose is
[0.99416083, -0.10654701, 0.01708639, 0.04752906;
  0.10670960, 0.99425036, -0.00890186, 0.01444668;
  -0.01603968, 0.01067316, 0.99981439, -0.27754036;
  0.00000000, 0.00000000, 0.00000000, 1.00000000]
24500000000 pose is
[0.99372190, -0.11089513, 0.01479909, 0.05335177;
  0.11095728, 0.99381924, -0.00344454, 0.01131205;
  -0.01432563, 0.00506498, 0.99988455, -0.27928758;
  0.00000000, 0.00000000, 0.00000000, 1.00000000]
24600000000 pose is
[0.99290425, -0.11844500, 0.01058036, 0.06028813;
  0.11845274, 0.99295968, -0.00010562, 0.00984833;
  -0.01049336, 0.00135814, 0.99994403, -0.28129482;
  0.00000000, 0.00000000, 0.00000000, 1.00000000]
24700000000 pose is
[0.99229640, -0.12383353, 0.00362515, 0.06784244;
  0.12382850, 0.99230236, 0.00158162, 0.01088232;
  -0.00379310, -0.00112054, 0.99999219, -0.28220868;
  0.00000000, 0.00000000, 0.00000000, 1.00000000]
24800000000 pose is
[0.99187791, -0.12713790, -0.00375706, 0.07587797;
  0.12716360, 0.99185216, 0.00765966, 0.00780692;
  0.00275261, -0.00807521, 0.99996358, -0.28220537;
  0.00000000, 0.00000000, 0.00000000, 1.00000000]
24900000000 pose is
[0.99109256, -0.13286746, -0.00904210, 0.08354111;
  0.13296798, 0.99105233, 0.01160891, 0.00751109;
  0.00741875, -0.01270781, 0.99989176, -0.28315693;
  0.00000000, 0.00000000, 0.00000000, 1.00000000]
25000000000 pose is
[0.99055707, -0.13626494, -0.01511862, 0.09046172;
  0.13652731, 0.99047381, 0.01794137, 0.00633165;
  0.01252982, -0.01983605, 0.99972475, -0.28147724;
  0.00000000, 0.00000000, 0.00000000, 1.00000000]
25100000000 pose is
[0.99015051, -0.13809593, -0.02305513, 0.09765726;
  0.13868114, 0.98999387, 0.02607117, 0.00237316;
  0.01922411, -0.02901170, 0.99939418, -0.27928972;
  0.00000000, 0.00000000, 0.00000000, 1.00000000]
25200000000 pose is
[0.98979235, -0.13868985, -0.03280668, 0.10551070;
  0.13969162, 0.98972493, 0.03050859, 0.00213833;
  0.02823836, -0.03477999, 0.99899596, -0.27640072;
  0.00000000, 0.00000000, 0.00000000, 1.00000000]
25300000000 pose is
[0.98926449, -0.13977885, -0.04263388, 0.11366729;
  0.14144129, 0.98918456, 0.03883651, -0.00120752;
  0.03674425, -0.04444977, 0.99833566, -0.27211779;
  0.00000000, 0.00000000, 0.00000000, 1.00000000]
25400000000 pose is
[0.98836148, -0.14261554, -0.05293800, 0.12349490;
  0.14513671, 0.98828095, 0.04728778, -0.00473320;
  0.04557364, -0.05442066, 0.99747753, -0.26766300;
  0.00000000, 0.00000000, 0.00000000, 1.00000000]
25500000000 pose is
[0.98751295, -0.14539041, -0.06066114, 0.13229981;
  0.14866114, 0.98744494, 0.05340775, -0.00739195;
  0.05213456, -0.06175879, 0.99672854, -0.26255807;
  0.00000000, 0.00000000, 0.00000000, 1.00000000]
25600000000 pose is
[0.98676628, -0.14818962, -0.06581906, 0.13916744;
  0.15204933, 0.98666406, 0.05809555, -0.00938265;
  0.05633214, -0.06733447, 0.99613893, -0.25868240;
  0.00000000, 0.00000000, 0.00000000, 1.00000000]
25700000000 pose is
[0.98587698, -0.15054838, -0.07336047, 0.14741778;
  0.15519263, 0.98591572, 0.06233359, -0.00976602;
  0.06294302, -0.07283825, 0.99535561, -0.25390097;
  0.00000000, 0.00000000, 0.00000000, 1.00000000]
25800000000 pose is
[0.98509961, -0.15088229, -0.08254290, 0.15504755;
  0.15687677, 0.98501205, 0.07170058, -0.01349638;
  0.07048739, -0.08358128, 0.99400491, -0.24644628;
  0.00000000, 0.00000000, 0.00000000, 1.00000000]
25900000000 pose is
[0.98420727, -0.15170631, -0.09122064, 0.16360812;
  0.15895386, 0.98418099, 0.07823986, -0.01678540;
  0.07790814, -0.09150411, 0.99275237, -0.23940988;
  0.00000000, 0.00000000, 0.00000000, 1.00000000]
26000000000 pose is
[0.98285836, -0.15455911, -0.10050343, 0.17308688;
  0.16307689, 0.98312539, 0.08288774, -0.01749986;
  0.08599642, -0.09785669, 0.99147803, -0.23357898;
  0.00000000, 0.00000000, 0.00000000, 1.00000000]
26100000000 pose is
[0.98143786, -0.15710589, -0.10998822, 0.18180849;
  0.16745810, 0.98155820, 0.09220218, -0.02064517;
  0.09347434, -0.10890913, 0.98964709, -0.22403364;
  0.00000000, 0.00000000, 0.00000000, 1.00000000]
26200000000 pose is
[0.97992468, -0.16033612, -0.11849006, 0.19080226;
  0.17222729, 0.98016924, 0.09801030, -0.02361004;
  0.10042572, -0.11644994, 0.98810631, -0.21497962;
  0.00000000, 0.00000000, 0.00000000, 1.00000000]
26300000000 pose is
[0.97831607, -0.16492355, -0.12529127, 0.19985680;
  0.17771065, 0.97911054, 0.09880017, -0.02388291;
  0.10637953, -0.11892340, 0.98718822, -0.20842829;
  0.00000000, 0.00000000, 0.00000000, 1.00000000]
26400000000 pose is
[0.97642291, -0.17161107, -0.13095030, 0.20850326;
  0.18536076, 0.97744763, 0.10118072, -0.02426865;
  0.11063334, -0.12306821, 0.98621219, -0.20135127;
  0.00000000, 0.00000000, 0.00000000, 1.00000000]
26500000000 pose is
[0.97457504, -0.17527722, -0.13957578, 0.21849035;
  0.19053066, 0.97609270, 0.10459988, -0.02381993;
  0.11790492, -0.12853390, 0.98467124, -0.19354548;
  0.00000000, 0.00000000, 0.00000000, 1.00000000]
26600000000 pose is
[0.97277027, -0.17901221, -0.14721613, 0.22607689;
  0.19608036, 0.97429299, 0.11093081, -0.02404273;
  0.12357368, -0.13677639, 0.98286408, -0.18222634;
  0.00000000, 0.00000000, 0.00000000, 1.00000000]
26700000000 pose is
[0.97087359, -0.18391146, -0.15356115, 0.23473139;
  0.20296893, 0.97189468, 0.11926579, -0.02739203;
  0.12731092, -0.14696014, 0.98091519, -0.17185028;
  0.00000000, 0.00000000, 0.00000000, 1.00000000]
26800000000 pose is
[0.96849257, -0.19138519, -0.15935442, 0.24510069;
  0.21160874, 0.96979165, 0.12135049, -0.02522966;
  0.13131589, -0.15124783, 0.97973478, -0.16265084;
  0.00000000, 0.00000000, 0.00000000, 1.00000000]
26900000000 pose is
[0.96631300, -0.20053519, -0.16132215, 0.25402036;
  0.22156303, 0.96710491, 0.12497143, -0.02552001;
  0.13095427, -0.15650454, 0.97895724, -0.15407296;
  0.00000000, 0.00000000, 0.00000000, 1.00000000]
27000000000 pose is
[0.96427870, -0.20753352, -0.16460989, 0.26436824;
  0.22904800, 0.96540642, 0.12460918, -0.02377710;
  0.13305487, -0.15786155, 0.97845602, -0.14465383;
  0.00000000, 0.00000000, 0.00000000, 1.00000000]
27100000000 pose is
[0.96274239, -0.21487847, -0.16417781, 0.27190831;
  0.23626004, 0.96373469, 0.12408322, -0.02099014;
  0.13156104, -0.15824883, 0.97859544, -0.13520533;
  0.00000000, 0.00000000, 0.00000000, 1.00000000]
27200000000 pose is
[0.96090424, -0.22456434, -0.16196889, 0.27876076;
  0.24601232, 0.96087247, 0.12728724, -0.01908247;
  0.12704727, -0.16215719, 0.97855198, -0.12893733;
  0.00000000, 0.00000000, 0.00000000, 1.00000000]
27300000000 pose is
[0.95972127, -0.23018119, -0.16109528, 0.28450125;
  0.25239515, 0.95823640, 0.13446084, -0.01930706;
  0.12341700, -0.16970459, 0.97773647, -0.11578114;
  0.00000000, 0.00000000, 0.00000000, 1.00000000]
27400000000 pose is
[0.95908535, -0.23180100, -0.16255322, 0.29201159;
  0.25447398, 0.95745510, 0.13609833, -0.01837295;
  0.12408969, -0.17189547, 0.97726846, -0.10487446;
  0.00000000, 0.00000000, 0.00000000, 1.00000000]
27500000000 pose is
[0.95782667, -0.23569575, -0.16436401, 0.29971269;
  0.25881428, 0.95614249, 0.13713771, -0.01892759;
  0.12483263, -0.17389391, 0.97682023, -0.09157702;
  0.00000000, 0.00000000, 0.00000000, 1.00000000]
27600000000 pose is
[0.95668334, -0.24143490, -0.16268437, 0.30600005;
  0.26362208, 0.95552522, 0.13219292, -0.01536119;
  0.12353303, -0.16935396, 0.97778261, -0.08139641;
  0.00000000, 0.00000000, 0.00000000, 1.00000000]
27700000000 pose is
[0.95521694, -0.24787983, -0.16160488, 0.31415960;
  0.26955831, 0.95421273, 0.12967783, -0.01383161;
  0.12206091, -0.16743241, 0.97829831, -0.07221585;
  0.00000000, 0.00000000, 0.00000000, 1.00000000]
27800000000 pose is
[0.95431161, -0.25482935, -0.15604913, 0.31622502;
  0.27538964, 0.95273036, 0.12831782, -0.01042545;
  0.11597359, -0.16542950, 0.97937900, -0.06312850;
  0.00000000, 0.00000000, 0.00000000, 1.00000000]
27900000000 pose is
[0.95353758, -0.25885189, -0.15414868, 0.32091314;
  0.27977911, 0.95061648, 0.13435748, -0.00951451;
  0.11175759, -0.17124249, 0.97886986, -0.05160054;
  0.00000000, 0.00000000, 0.00000000, 1.00000000]
28000000000 pose is
[0.95353276, -0.26070651, -0.15102138, 0.32564560;
  0.28173164, 0.94918740, 0.14025167, -0.00974083;
  0.10678308, -0.17628205, 0.97853053, -0.03718721;
  0.00000000, 0.00000000, 0.00000000, 1.00000000]
28100000000 pose is
[0.95208079, -0.26822576, -0.14695944, 0.32984322;
  0.28839162, 0.94732076, 0.13933292, -0.00808828;
  0.10184505, -0.17503807, 0.97927999, -0.02750470;
  0.00000000, 0.00000000, 0.00000000, 1.00000000]
28200000000 pose is
[0.95187694, -0.27102044, -0.14310190, 0.33298051;
  0.29018125, 0.94721919, 0.13627407, -0.00434063;
  0.09861581, -0.17124164, 0.98028117, -0.01659396;
  0.00000000, 0.00000000, 0.00000000, 1.00000000]
28300000000 pose is
[0.95164609, -0.27304125, -0.14077716, 0.33618212;
  0.29169744, 0.94688648, 0.13534610, -0.00468409;
  0.09634491, -0.16986592, 0.98074627, -0.00341998;
  0.00000000, 0.00000000, 0.00000000, 1.00000000]
28400000000 pose is
[0.95295841, -0.27150849, -0.13473451, 0.33480644;
  0.28876799, 0.94834250, 0.13137566, -0.00455816;
  0.09210486, -0.16410255, 0.98213392, 0.00193345;
  0.00000000, 0.00000000, 0.00000000, 1.00000000]
28500000000 pose is
[0.95259023, -0.27408016, -0.13210568, 0.33890378;
  0.29082972, 0.94780475, 0.13070665, -0.00474114;
  0.08938628, -0.16293013, 0.98258018, 0.01588411;
  0.00000000, 0.00000000, 0.00000000, 1.00000000]
28600000000 pose is
[0.95328420, -0.27533463, -0.12425797, 0.33836108;
  0.29013956, 0.94905239, 0.12295779, -0.00573679;
  0.08407279, -0.15326586, 0.98460209, 0.02060834;
  0.00000000, 0.00000000, 0.00000000, 1.00000000]
28700000000 pose is
[0.95261282, -0.27714121, -0.12538557, 0.33978876;
  0.29198810, 0.94867194, 0.12150942, -0.00407062;
  0.08527451, -0.15236253, 0.98463899, 0.02309988;
  0.00000000, 0.00000000, 0.00000000, 1.00000000]
28800000000 pose is
[0.95249516, -0.27836567, -0.12355381, 0.33856854;
  0.29267633, 0.94883060, 0.11857916, -0.00149814;
  0.08422328, -0.14910735, 0.98522758, 0.03102434;
  0.00000000, 0.00000000, 0.00000000, 1.00000000]
28900000000 pose is
[0.95375216, -0.26964670, -0.13284399, 0.34356108;
  0.28666386, 0.94888711, 0.13204952, -0.00434817;
  0.09044723, -0.16402408, 0.98230106, 0.05834680;
  0.00000000, 0.00000000, 0.00000000, 1.00000000]
29000000000 pose is
[0.95212847, -0.27836916, -0.12634069, 0.34083590;
  0.29378590, 0.94747102, 0.12644564, -0.00083927;
  0.08450557, -0.15750961, 0.98389506, 0.06379572;
  0.00000000, 0.00000000, 0.00000000, 1.00000000]
29100000000 pose is
[0.95076561, -0.28328487, -0.12567605, 0.33828545;
  0.29843155, 0.94623715, 0.12479538, 0.00531900;
  0.08356670, -0.15615685, 0.98419088, 0.07540198;
  0.00000000, 0.00000000, 0.00000000, 1.00000000]
29200000000 pose is
[0.95383126, -0.27158836, -0.12824076, 0.33693960;
  0.28780520, 0.94858670, 0.13172488, 0.00182546;
  0.08587254, -0.16255166, 0.98295617, 0.08797141;
  0.00000000, 0.00000000, 0.00000000, 1.00000000]
29300000000 pose is
[0.95426852, -0.27044770, -0.12739576, 0.33576235;
  0.28676125, 0.94853055, 0.13437906, -0.00297962;
  0.08449627, -0.16476586, 0.98270679, 0.09665196;
  0.00000000, 0.00000000, 0.00000000, 1.00000000]
29400000000 pose is
[0.95470750, -0.27130020, -0.12218753, 0.32957020;
  0.28644076, 0.94914943, 0.13064113, -0.00255632;
  0.08053125, -0.15972356, 0.98387146, 0.10185669;
  0.00000000, 0.00000000, 0.00000000, 1.00000000]
29500000000 pose is
[0.95800865, -0.26091397, -0.11892552, 0.32007885;
  0.27541837, 0.95269883, 0.12849012, -0.00218508;
  0.07977533, -0.15584892, 0.98455423, 0.11460759;
  0.00000000, 0.00000000, 0.00000000, 1.00000000]
29600000000 pose is
[0.96138960, -0.24684282, -0.12164954, 0.31459290;
  0.26211438, 0.95602500, 0.13157588, -0.00675192;
  0.08382145, -0.15838179, 0.98381358, 0.12387205;
  0.00000000, 0.00000000, 0.00000000, 1.00000000]
29700000000 pose is
[0.96293992, -0.23973286, -0.12359158, 0.31100181;
  0.25543657, 0.95770162, 0.13251320, -0.00734836;
  0.08659609, -0.15917206, 0.98344564, 0.13073313;
  0.00000000, 0.00000000, 0.00000000, 1.00000000]
29800000000 pose is
[0.96472585, -0.23406509, -0.12048894, 0.30426762;
  0.24940108, 0.95913225, 0.13365786, -0.00791755;
  0.08428019, -0.15899327, 0.98367578, 0.13640484;
  0.00000000, 0.00000000, 0.00000000, 1.00000000]
29900000000 pose is
[0.96707571, -0.22568280, -0.11760869, 0.29794919;
  0.24074912, 0.96110409, 0.13534693, -0.01032130;
  0.08248872, -0.15920493, 0.98379338, 0.14361973;
  0.00000000, 0.00000000, 0.00000000, 1.00000000]
30000000000 pose is
[0.96895885, -0.21894565, -0.11481076, 0.29148769;
  0.23367941, 0.96272105, 0.13624290, -0.01382681;
  0.08070095, -0.15884267, 0.98400021, 0.15017940;
  0.00000000, 0.00000000, 0.00000000, 1.00000000]
30100000000 pose is
[0.97044766, -0.21387102, -0.11176099, 0.28574052;
  0.22789776, 0.96454626, 0.13309084, -0.01749491;
  0.07933437, -0.15462777, 0.98478234, 0.15641063;
  0.00000000, 0.00000000, 0.00000000, 1.00000000]
30200000000 pose is
[0.97185725, -0.20861289, -0.10942663, 0.27896327;
  0.22166023, 0.96708113, 0.12498333, -0.01805414;
  0.07975129, -0.14572150, 0.98610598, 0.15876850;
  0.00000000, 0.00000000, 0.00000000, 1.00000000]
30300000000 pose is
[0.97312385, -0.20354232, -0.10770538, 0.26999745;
  0.21595243, 0.96901542, 0.11989010, -0.01828030;
  0.07996546, -0.13992715, 0.98692751, 0.16449644;
  0.00000000, 0.00000000, 0.00000000, 1.00000000]
30400000000 pose is
[0.97381842, -0.19970191, -0.10861324, 0.27018988;
  0.21213226, 0.97004300, 0.11839129, -0.02181971;
  0.08171654, -0.13833199, 0.98700893, 0.17040788;
  0.00000000, 0.00000000, 0.00000000, 1.00000000]
30500000000 pose is
[0.97460228, -0.20097212, -0.09879558, 0.26521376;
  0.21136250, 0.97128254, 0.10925240, -0.01929761;
  0.07400174, -0.12735932, 0.98909217, 0.16575876;
  0.00000000, 0.00000000, 0.00000000, 1.00000000]
30600000000 pose is
[0.97629869, -0.19787179, -0.08767901, 0.25452822;
  0.20677367, 0.97242481, 0.10786423, -0.01702732;
  0.06391796, -0.12343742, 0.99029171, 0.16791977;
  0.00000000, 0.00000000, 0.00000000, 1.00000000]
30700000000 pose is
[0.97839171, -0.19013426, -0.08123218, 0.24613225;
  0.19825806, 0.97422630, 0.10759589, -0.01755514;
  0.05868086, -0.12137586, 0.99087054, 0.17216660;
  0.00000000, 0.00000000, 0.00000000, 1.00000000]
30800000000 pose is
[0.97840995, -0.19009933, -0.08109361, 0.24611503;
  0.19822505, 0.97419804, 0.10791207, -0.01791854;
  0.05848723, -0.12165703, 0.99084753, 0.17228350;
  0.00000000, 0.00000000, 0.00000000, 1.00000000]
30900000000 pose is
[0.97997546, -0.18405411, -0.07597511, 0.23608531;
  0.19148864, 0.97573614, 0.10616514, -0.01783202;
  0.05459153, -0.11858760, 0.99144173, 0.17333645;
  0.00000000, 0.00000000, 0.00000000, 1.00000000]
31000000000 pose is
[0.98089850, -0.17950127, -0.07494957, 0.22953020;
  0.18679546, 0.97672117, 0.10546689, -0.01938657;
  0.05427339, -0.11745255, 0.99159431, 0.17800565;
  0.00000000, 0.00000000, 0.00000000, 1.00000000]
31100000000 pose is
[0.98358285, -0.16833937, -0.06501280, 0.22479978;
  0.17436257, 0.97938484, 0.10199523, -0.03228301;
  0.04650274, -0.11165655, 0.99265820, 0.16890897;
  0.00000000, 0.00000000, 0.00000000, 1.00000000]
31200000000 pose is
[0.98488456, -0.16936851, -0.03628692, 0.21010078;
  0.17184441, 0.98170012, 0.08206332, -0.02287174;
  0.02172393, -0.08705860, 0.99596632, 0.17027153;
  0.00000000, 0.00000000, 0.00000000, 1.00000000]
31300000000 pose is
[0.98702759, -0.15866204, -0.02455401, 0.20969091;
  0.16004850, 0.98445243, 0.07237334, -0.03086575;
  0.01268936, -0.07536431, 0.99707532, 0.16970761;
  0.00000000, 0.00000000, 0.00000000, 1.00000000]
31400000000 pose is
[0.98807943, -0.15391614, -0.00297008, 0.19049077;
  0.15381601, 0.98628020, 0.05993332, -0.02352535;
  -0.00629537, -0.05967573, 0.99819797, 0.15956958;
  0.00000000, 0.00000000, 0.00000000, 1.00000000]
31500000000 pose is
[0.99060798, -0.13668433, 0.00363901, 0.17922473;
  0.13619033, 0.98869693, 0.06269454, -0.02839421;
  -0.01216724, -0.06161012, 0.99802613, 0.16224055;
  0.00000000, 0.00000000, 0.00000000, 1.00000000]
31600000000 pose is
[0.99207675, -0.12517348, 0.01074004, 0.17076752;
  0.12437781, 0.99062240, 0.05654623, -0.03020347;
  -0.01771742, -0.05476237, 0.99834222, 0.15908341;
  0.00000000, 0.00000000, 0.00000000, 1.00000000]
31700000000 pose is
[0.99270517, -0.11891589, 0.01988542, 0.16132481;
  0.11775601, 0.99168921, 0.05182698, -0.03085474;
  -0.02588320, -0.04910728, 0.99845809, 0.15676802;
  0.00000000, 0.00000000, 0.00000000, 1.00000000]
31800000000 pose is
[0.99379241, -0.10780371, 0.02747650, 0.15551679;
  0.10644663, 0.99321550, 0.04682022, -0.03733666;
  -0.03233748, -0.04360480, 0.99852538, 0.15650970;
  0.00000000, 0.00000000, 0.00000000, 1.00000000]
31900000000 pose is
[0.99431294, -0.10206195, 0.03041534, 0.16162512;
  0.10079391, 0.99407619, 0.04065911, -0.04899270;
  -0.03438492, -0.03736220, 0.99871004, 0.16084249;
  0.00000000, 0.00000000, 0.00000000, 1.00000000]
32000000000 pose is
[0.99328935, -0.09544078, 0.06532503, 0.13890921;
  0.09475289, 0.99540854, 0.01355590, -0.03973767;
  -0.06631888, -0.00727519, 0.99777198, 0.13900298;
  0.00000000, 0.00000000, 0.00000000, 1.00000000]
32100000000 pose is
[0.99314731, -0.08523960, 0.07995390, 0.12695701;
  0.08507106, 0.99635959, 0.00551817, -0.03828490;
  -0.08013321, 0.00132140, 0.99678332, 0.13443296;
  0.00000000, 0.00000000, 0.00000000, 1.00000000]
32200000000 pose is
[0.99331492, -0.07336438, 0.08912432, 0.11679653;
  0.07359287, 0.99728811, 0.00072398, -0.04427270;
  -0.08893574, 0.00583978, 0.99602026, 0.13038237;
  0.00000000, 0.00000000, 0.00000000, 1.00000000]
32300000000 pose is
[0.99311930, -0.06406889, 0.09802670, 0.10802532;
  0.06552994, 0.99778134, -0.01175496, -0.04610388;
  -0.09705609, 0.01809776, 0.99511439, 0.12562071;
  0.00000000, 0.00000000, 0.00000000, 1.00000000]
32400000000 pose is
[0.99261224, -0.05610531, 0.10757862, 0.09985642;
  0.05907340, 0.99795043, -0.02460214, -0.04720118;
  -0.10597782, 0.03077542, 0.99389213, 0.12141929;
  0.00000000, 0.00000000, 0.00000000, 1.00000000]
32500000000 pose is
[0.99174076, -0.04715645, 0.11927485, 0.09023172;
  0.05210665, 0.99789029, -0.03872840, -0.04639734;
  -0.11719692, 0.04462355, 0.99210566, 0.11699495;
  0.00000000, 0.00000000, 0.00000000, 1.00000000]
32600000000 pose is
[0.98933870, -0.03478730, 0.14141703, 0.07169434;
  0.04325564, 0.99742210, -0.05725517, -0.04195354;
  -0.13906071, 0.06276184, 0.98829299, 0.10562219;
  0.00000000, 0.00000000, 0.00000000, 1.00000000]
32700000000 pose is
[0.98756891, -0.02245237, 0.15557481, 0.05566654;
  0.03354744, 0.99704814, -0.06906203, -0.03433900;
  -0.15356497, 0.07342266, 0.98540699, 0.09888215;
  0.00000000, 0.00000000, 0.00000000, 1.00000000]
32800000000 pose is
[0.98674124, -0.00704550, 0.16214849, 0.04542050;
  0.01921495, 0.99710226, -0.07360598, -0.03467289;
  -0.16116005, 0.07574572, 0.98401731, 0.09701701;
  0.00000000, 0.00000000, 0.00000000, 1.00000000]
32900000000 pose is
[0.98493731, 0.00361250, 0.17287405, 0.03527528;
  0.01075532, 0.99656582, -0.08210262, -0.03651125;
  -0.17257696, 0.08272525, 0.98151600, 0.09124284;
  0.00000000, 0.00000000, 0.00000000, 1.00000000]
33000000000 pose is
[0.98497200, 0.00308810, 0.17268664, 0.03547901;
  0.01110670, 0.99663812, -0.08117306, -0.03728407;
  -0.17235677, 0.08187117, 0.98162633, 0.09163520;
  0.00000000, 0.00000000, 0.00000000, 1.00000000]
33100000000 pose is
[0.98196089, 0.00842559, 0.18889642, 0.01911445;
  0.00984561, 0.99537313, -0.09557940, -0.02732827;
  -0.18882772, 0.09571503, 0.97733450, 0.08463510;
  0.00000000, 0.00000000, 0.00000000, 1.00000000]
33200000000 pose is
[0.97989166, 0.02246486, 0.19826165, 0.00163697;
  -0.00242933, 0.99491125, -0.10072579, -0.02070767;
  -0.19951555, 0.09821872, 0.97495979, 0.08199523;
  0.00000000, 0.00000000, 0.00000000, 1.00000000]
33300000000 pose is
[0.97859669, 0.03707730, 0.20241971, -0.01503608;
  -0.01673757, 0.99471664, -0.10128495, -0.01627832;
  -0.20510563, 0.09572911, 0.97404701, 0.07947674;
  0.00000000, 0.00000000, 0.00000000, 1.00000000]
33400000000 pose is
[0.97746694, 0.04648358, 0.20590700, -0.02857040;
  -0.02549546, 0.99430937, -0.10343550, -0.01177479;
  -0.20954330, 0.09585509, 0.97308964, 0.07441153;
  0.00000000, 0.00000000, 0.00000000, 1.00000000]
33500000000 pose is
[0.97664464, 0.05446703, 0.20784265, -0.03984630;
  -0.03264133, 0.99371952, -0.10703281, -0.00698022;
  -0.21236706, 0.09774876, 0.97228873, 0.07286709;
  0.00000000, 0.00000000, 0.00000000, 1.00000000]
33600000000 pose is
[0.97318149, 0.07368670, 0.21791767, -0.07101845;
  -0.04922153, 0.99207038, -0.11564422, 0.00930266;
  -0.22471111, 0.10181657, 0.96909148, 0.06233814;
  0.00000000, 0.00000000, 0.00000000, 1.00000000]
33700000000 pose is
[0.97205150, 0.08174527, 0.22007646, -0.08283783;
  -0.05691500, 0.99151146, -0.11690054, 0.01522374;
  -0.22776438, 0.10110769, 0.96845269, 0.05550026;
  0.00000000, 0.00000000, 0.00000000, 1.00000000]
33800000000 pose is
[0.97055858, 0.08840551, 0.22405474, -0.09404475;
  -0.06227358, 0.99068040, -0.12113757, 0.02427481;
  -0.23267588, 0.10361842, 0.96701872, 0.05282694;
  0.00000000, 0.00000000, 0.00000000, 1.00000000]
33900000000 pose is
[0.96869296, 0.09228405, 0.23047255, -0.10800281;
  -0.06575639, 0.99056292, -0.12025470, 0.02867602;
  -0.23939516, 0.10133484, 0.96561962, 0.04840109;
  0.00000000, 0.00000000, 0.00000000, 1.00000000]
34000000000 pose is
[0.96661186, 0.09923501, 0.23624961, -0.12014349;
  -0.07084765, 0.98952621, -0.12577148, 0.03620290;
  -0.24625611, 0.10483447, 0.96351838, 0.04096606;
  0.00000000, 0.00000000, 0.00000000, 1.00000000]
34100000000 pose is
[0.96451724, 0.10911597, 0.24041669, -0.13494146;
  -0.07945278, 0.98834902, -0.12982078, 0.04878839;
  -0.25178111, 0.10611261, 0.96194929, 0.03945688;
  0.00000000, 0.00000000, 0.00000000, 1.00000000]
34200000000 pose is
[0.96377146, 0.11520223, 0.24056810, -0.14312512;
  -0.08618291, 0.98803818, -0.12787886, 0.05473659;
  -0.25242242, 0.10251313, 0.96217149, 0.03673674;
  0.00000000, 0.00000000, 0.00000000, 1.00000000]
34300000000 pose is
[0.96202922, 0.11950201, 0.24539563, -0.15352511;
  -0.08984117, 0.98760134, -0.12873295, 0.06314649;
  -0.25773689, 0.10179824, 0.96083754, 0.03329403;
  0.00000000, 0.00000000, 0.00000000, 1.00000000]
34400000000 pose is
[0.96074605, 0.11893880, 0.25064024, -0.16145876;
  -0.08867890, 0.98769999, -0.12878197, 0.06921707;
  -0.26287454, 0.10150028, 0.95947623, 0.03099579;
  0.00000000, 0.00000000, 0.00000000, 1.00000000]
34500000000 pose is
[0.95964515, 0.11576984, 0.25627822, -0.16921405;
  -0.08518506, 0.98818427, -0.12741818, 0.07378646;
  -0.26800126, 0.10044515, 0.95816809, 0.02863209;
  0.00000000, 0.00000000, 0.00000000, 1.00000000]
34600000000 pose is
[0.95845032, 0.11008565, 0.26316184, -0.17843701;
  -0.07860745, 0.98874223, -0.12731709, 0.07744697;
  -0.27421501, 0.10134061, 0.95631385, 0.02476429;
  0.00000000, 0.00000000, 0.00000000, 1.00000000]
34700000000 pose is
[0.95696747, 0.10453899, 0.27071175, -0.18933406;
  -0.07090004, 0.98881567, -0.13121249, 0.08512188;
  -0.28140086, 0.10637260, 0.95367628, 0.01959707;
  0.00000000, 0.00000000, 0.00000000, 1.00000000]
34800000000 pose is
[0.95640981, 0.10138735, 0.27386287, -0.19562367;
  -0.06739177, 0.98911178, -0.13082924, 0.08916966;
  -0.28414541, 0.10667028, 0.95282888, 0.01460626;
  0.00000000, 0.00000000, 0.00000000, 1.00000000]
34900000000 pose is
[0.95537132, 0.09520800, 0.27964458, -0.20244548;
  -0.06001486, 0.98945308, -0.13183653, 0.09393183;
  -0.28924710, 0.10917001, 0.95100898, 0.01275351;
  0.00000000, 0.00000000, 0.00000000, 1.00000000]
35000000000 pose is
[0.95347440, 0.08984946, 0.28777367, -0.21023683;
  -0.05239949, 0.98941749, -0.13530444, 0.10011384;
  -0.29688534, 0.11393012, 0.94809228, 0.00877030;
  0.00000000, 0.00000000, 0.00000000, 1.00000000]
35100000000 pose is
[0.95349395, 0.08995208, 0.28767681, -0.21018654;
  -0.05245048, 0.98938525, -0.13552031, 0.10036175;
  -0.29681352, 0.11412901, 0.94809085, 0.00872381;
  0.00000000, 0.00000000, 0.00000000, 1.00000000]
35200000000 pose is
[0.95132434, 0.08781539, 0.29541573, -0.21715026;
  -0.04840231, 0.98922271, -0.13818724, 0.10694573;
  -0.30436692, 0.11716208, 0.94532210, 0.00469149;
  0.00000000, 0.00000000, 0.00000000, 1.00000000]
35300000000 pose is
[0.94912374, 0.08537660, 0.30310884, -0.22420873;
  -0.04526644, 0.98953891, -0.13698055, 0.11245582;
  -0.31163293, 0.11629083, 0.94305956, 0.00154238;
  0.00000000, 0.00000000, 0.00000000, 1.00000000]
35400000000 pose is
[0.94690919, 0.07998881, 0.31139159, -0.23133186;
  -0.03943253, 0.99013793, -0.13443179, 0.11648460;
  -0.31907368, 0.11501574, 0.94072491, -0.00068226;
  0.00000000, 0.00000000, 0.00000000, 1.00000000]
35500000000 pose is
[0.94426209, 0.07351048, 0.32088205, -0.23899473;
  -0.03178994, 0.99055547, -0.13337661, 0.12031025;
  -0.32765603, 0.11574166, 0.93768084, -0.00434353;
  0.00000000, 0.00000000, 0.00000000, 1.00000000]
35600000000 pose is
[0.94122487, 0.06816076, 0.33083206, -0.24663195;
  -0.02455894, 0.99064577, -0.13423033, 0.12633814;
  -0.33688664, 0.11821604, 0.93409443, -0.00566917;
  0.00000000, 0.00000000, 0.00000000, 1.00000000]
35700000000 pose is
[0.93840575, 0.06403988, 0.33954901, -0.25408697;
  -0.01953330, 0.99093568, -0.13290936, 0.13231812;
  -0.34498274, 0.11809039, 0.93115067, -0.00804597;
  0.00000000, 0.00000000, 0.00000000, 1.00000000]
35800000000 pose is
[0.93550700, 0.06218995, 0.34779176, -0.26031417;
  -0.01639710, 0.99096793, -0.13309297, 0.13791560;
  -0.35292751, 0.11880663, 0.92807710, -0.00877182;
  0.00000000, 0.00000000, 0.00000000, 1.00000000]
35900000000 pose is
[0.93163252, 0.05942705, 0.35850987, -0.26819107;
  -0.01213596, 0.99107587, -0.13274519, 0.14217326;
  -0.36319914, 0.11931887, 0.92403972, -0.00931686;
  0.00000000, 0.00000000, 0.00000000, 1.00000000]
36000000000 pose is
[0.92817307, 0.05838228, 0.36754090, -0.27608982;
  -0.00945447, 0.99099833, -0.13353986, 0.14882103;
  -0.37202880, 0.12047318, 0.92036992, -0.01032712;
