140363713053831904 pose is
[]
140363713058831904 pose is
[]
140363713063831904 pose is
[]
140363713068831904 pose is
[]
140363713073831920 pose is
[]
140363713078831888 pose is
[]
140363713083831904 pose is
[]
140363713088831904 pose is
[]
140363713093831920 pose is
[]
140363713098831888 pose is
[]
140363713103831904 pose is
[]
140363713108831904 pose is
[]
140363713113831904 pose is
[]
140363713118831904 pose is
[]
140363713123831920 pose is
[]
140363713128831888 pose is
[]
140363713133831904 pose is
[]
140363713138831904 pose is
[]
140363713143831920 pose is
[]
140363713148831888 pose is
[]
140363713153831904 pose is
[]
140363713158831904 pose is
[]
140363713163831904 pose is
[]
140363713168831904 pose is
[]
140363713173831920 pose is
[]
140363713178831888 pose is
[]
140363713183831904 pose is
[]
140363713188831904 pose is
[]
140363713193831920 pose is
[]
140363713198831888 pose is
[]
140363713203831904 pose is
[]
140363713208831904 pose is
[]
140363713213831904 pose is
[]
140363713218831904 pose is
[]
140363713223831920 pose is
[]
140363713228831888 pose is
[]
140363713233831904 pose is
[]
140363713238831904 pose is
[]
140363713243831920 pose is
[]
140363713248831888 pose is
[]
140363713253831904 pose is
[]
140363713258831904 pose is
[]
140363713263831904 pose is
[]
140363713268831904 pose is
[]
140363713273831920 pose is
[]
140363713278831888 pose is
[]
140363713283831904 pose is
[]
140363713288831904 pose is
[]
140363713293831920 pose is
[]
140363713298831888 pose is
[]
140363713303831904 pose is
[]
140363713308831904 pose is
[]
140363713313831904 pose is
[]
140363713318831904 pose is
[]
140363713323831920 pose is
[]
140363713328831888 pose is
[0.99995667, -0.0068256776, -0.0063311039, -0.0043386985
  0.0068368861, 0.99997509, 0.0017504456, 0.012580711
  0.0063189985, -0.0017936548, 0.99997842, 0.011196499
  0, 0, 0, 1]
140363713333831904 pose is
[0.99992543, -0.0082242778, -0.00902793, -0.0060088057
  0.0082167285, 0.99996585, -0.00087293901, 0.02051295
  0.0090348013, 0.00079869386, 0.99995887, 0.015171935
  0, 0, 0, 1]
140363713338831904 pose is
[0.99985605, -0.0073845629, -0.015276786, -0.0090105133
  0.0073038051, 0.99995911, -0.0053353528, 0.03329682
  0.015315561, 0.005223006, 0.99986905, 0.020134434
  0, 0, 0, 1]
140363713343831920 pose is
[0.9997831, -0.0044396217, -0.020347707, -0.010472966
  0.0042002196, 0.99992162, -0.011793234, 0.045440484
  0.02039847, 0.011705211, 0.99972343, 0.025367193
  0, 0, 0, 1]
140363713348831888 pose is
[0.99981105, -0.0026853229, -0.019252496, -0.010061892
  0.0022786253, 0.99977446, -0.021115322, 0.052750379
  0.019304855, 0.021067463, 0.99959165, 0.030713918
  0, 0, 0, 1]
140363713353831904 pose is
[0.99972904, 0.001547434, -0.023227364, -0.013141001
  -0.0022888728, 0.99948752, -0.03192836, 0.059282091
  0.023166053, 0.031972874, 0.99922025, 0.032883931
  0, 0, 0, 1]
140363713358831904 pose is
[0.99962956, 0.0057221074, -0.026608748, -0.017341537
  -0.0068193381, 0.99912232, -0.041329525, 0.064493939
  0.026348902, 0.041495666, 0.99879122, 0.035252079
  0, 0, 0, 1]
140363713363831904 pose is
[0.99945402, 0.0031910364, -0.032885816, -0.019905383
  -0.004751151, 0.99886125, -0.047471963, 0.06462647
  0.032696884, 0.047602288, 0.99833107, 0.034470849
  0, 0, 0, 1]
140363713368831904 pose is
[0.99927455, 9.4648713e-05, -0.038083289, -0.025714086
  -0.0020913456, 0.99862432, -0.052393325, 0.076540284
  0.038025942, 0.052434962, 0.99790007, 0.040455665
  0, 0, 0, 1]
140363713373831920 pose is
[0.99917156, -0.0017563582, -0.040658142, -0.03709634
  -0.00060007983, 0.9983238, -0.057872709, 0.11290655
  0.040691637, 0.057849165, 0.99749571, 0.057404257
  0, 0, 0, 1]
140363713378831888 pose is
[0.99886817, -0.0024189376, -0.047502603, -0.040431555
  -0.00041975512, 0.99821877, -0.059657969, 0.14346512
  0.047562301, 0.059610389, 0.99708796, 0.071260326
  0, 0, 0, 1]
140363713383831904 pose is
[0.99834687, -0.0034464076, -0.057372469, -0.045885328
  -0.0003557672, 0.99781096, -0.06613002, 0.18510756
  0.057474788, 0.066041112, 0.99616021, 0.085154794
  0, 0, 0, 1]
140363713388831904 pose is
[0.9977175, -0.0015361476, -0.067508429, -0.049495962
  -0.0036477072, 0.99705541, -0.076597922, 0.23981205
  0.067427307, 0.076669335, 0.99477404, 0.1006844
  0, 0, 0, 1]
140363713393831920 pose is
[0.99728662, 0.0034147881, -0.073537581, -0.049818274
  -0.0098607587, 0.99611819, -0.087471873, 0.30993757
  0.072953418, 0.08795967, 0.99344897, 0.12557533
  0, 0, 0, 1]
140363713398831888 pose is
[0.99654055, 0.0022028049, -0.083078876, -0.038296223
  -0.0092671411, 0.99635983, -0.084742308, 0.30465755
  0.082589783, 0.085219048, 0.99293333, 0.11889996
  0, 0, 0, 1]
140363713403831904 pose is
[0.99599129, -0.00097870408, -0.089444824, -0.039733179
  -0.0070080408, 0.99601281, -0.088934705, 0.37198335
  0.089175232, 0.089205027, 0.99201322, 0.14414804
  0, 0, 0, 1]
140363713408831904 pose is
[0.99521756, -0.0075629181, -0.097390041, -0.043338731
  -0.0014950589, 0.99570227, -0.092600062, 0.44099408
  0.097671807, 0.092302807, 0.99092907, 0.1627744
  0, 0, 0, 1]
140363713413831904 pose is
[0.99404866, -0.014840818, -0.10792132, -0.040086921
  0.0058611231, 0.99652803, -0.083051704, 0.41438338
  0.10877917, 0.0819249, 0.99068433, 0.15447848
  0, 0, 0, 1]
140363713418831904 pose is
[0.99250066, -0.023013618, -0.12005349, -0.041492578
  0.013296599, 0.99661559, -0.081120901, 0.46318161
  0.12151407, 0.078916244, 0.98944759, 0.17504735
  0, 0, 0, 1]
140363713423831920 pose is
[0.99083084, -0.030562248, -0.13160618, -0.04401483
  0.021163607, 0.99716341, -0.072230667, 0.51686138
  0.13344039, 0.068783112, 0.98866707, 0.1786055
  0, 0, 0, 1]
140363713428831888 pose is
[0.99029332, -0.032591514, -0.13511807, -0.047837179
  0.024711331, 0.99791682, -0.059593454, 0.565799
  0.13677883, 0.05567605, 0.98903579, 0.17976661
  0, 0, 0, 1]
140363713433831904 pose is
[0.98990744, -0.032879926, -0.13784848, -0.043394454
  0.02685263, 0.99860978, -0.045358486, 0.6125809
  0.13914824, 0.041199107, 0.98941416, 0.18738899
  0, 0, 0, 1]
140363713438831904 pose is
[0.98965091, -0.031163855, -0.14007105, -0.039926466
  0.027270069, 0.99918878, -0.029632997, 0.65350944
  0.1408809, 0.025506575, 0.98969793, 0.18582934
  0, 0, 0, 1]
140363713443831920 pose is
[0.98932987, -0.024125846, -0.14368144, -0.036535293
  0.02419241, 0.99970651, -0.001284042, 0.54197413
  0.14367025, -0.0022056589, 0.98962313, 0.13978042
  0, 0, 0, 1]
140363713448831888 pose is
[0.98934168, -0.014175633, -0.14492109, -0.028467745
  0.015350474, 0.99985772, 0.0069917175, 0.55441952
  0.14480136, -0.0091418047, 0.98941851, 0.13903162
  0, 0, 0, 1]
140363713453831904 pose is
[0.98918933, -0.0065894811, -0.14649576, -0.024615888
  0.0078233369, 0.99993861, 0.007847907, 0.55271059
  0.14643505, -0.0089091519, 0.98918015, 0.13918132
  0, 0, 0, 1]
140363713458831904 pose is
[0.98876429, -0.0062513999, -0.14935213, -0.026200015
  0.0067234435, 0.99997389, 0.0026558999, 0.53462327
  0.14933163, -0.0036302195, 0.9887805, 0.1333212
  0, 0, 0, 1]
140363713463831904 pose is
[0.98845607, -0.0099264337, -0.15118207, -0.035152566
  0.0088213636, 0.99992925, -0.0079784617, 0.50563306
  0.15125057, 0.0065527274, 0.98847371, 0.12740614
  0, 0, 0, 1]
140363713468831904 pose is
[0.98803085, -0.017059006, -0.15331036, -0.036619131
  0.014517473, 0.99973828, -0.017681971, 0.41544774
  0.15357186, 0.015244653, 0.98801988, 0.1082752
  0, 0, 0, 1]
140363713473831920 pose is
[0.98861492, -0.01965679, -0.14917813, -0.040024426
  0.014377209, 0.99923432, -0.036387477, 0.3734079
  0.14977917, 0.033828437, 0.98814058, 0.10342229
  0, 0, 0, 1]
140363713478831888 pose is
[0.98948312, -0.021337818, -0.14306587, -0.044251513
  0.012811663, 0.99810082, -0.060254544, 0.33001587
  0.14407986, 0.057787944, 0.98787731, 0.094243757
  0, 0, 0, 1]
140363713483831904 pose is
[0.99026608, -0.018757079, -0.13791774, -0.046269972
  0.0070932228, 0.99639136, -0.084580943, 0.27943924
  0.13900654, 0.082779355, 0.98682559, 0.087741353
  0, 0, 0, 1]
140363713488831904 pose is
[0.9911691, -0.01360191, -0.13190442, -0.044483799
  -0.00081248925, 0.99408358, -0.10861462, 0.23079309
  0.1326014, 0.10776263, 0.98529392, 0.078791805
  0, 0, 0, 1]
140363713493831920 pose is
[0.99136853, -0.0072516529, -0.13090375, -0.042688027
  -0.0095620854, 0.99181056, -0.12735936, 0.18697187
  0.13075529, 0.12751177, 0.98318046, 0.067640848
  0, 0, 0, 1]
140363713498831888 pose is
[0.99199694, 0.0020520794, -0.12624517, -0.040262774
  -0.019564953, 0.99028927, -0.1376387, 0.14605188
  0.12473679, 0.13900715, 0.98240405, 0.055110659
  0, 0, 0, 1]
140363713503831904 pose is
[0.99223232, 0.0066491156, -0.12422073, -0.040563799
  -0.024556588, 0.98939037, -0.14319083, 0.11785867
  0.1219507, 0.14512901, 0.98186845, 0.048992906
  0, 0, 0, 1]
140363713508831904 pose is
[0.99239498, 0.010627518, -0.1226345, -0.041390967
  -0.028699344, 0.98878604, -0.14655535, 0.094956189
  0.11970177, 0.14896032, 0.98157132, 0.041991483
  0, 0, 0, 1]
140363713513831904 pose is
[0.99257118, 0.0078967316, -0.12140864, -0.042458314
  -0.02646625, 0.98800898, -0.15211105, 0.076354347
  0.11875165, 0.1541943, 0.98087823, 0.038530663
  0, 0, 0, 1]
140363713518831904 pose is
[0.99257332, 0.0031707096, -0.12160632, -0.043968931
  -0.022901153, 0.98665637, -0.16119781, 0.065324001
  0.11947254, 0.16278557, 0.97940141, 0.036985196
  0, 0, 0, 1]
140363713523831920 pose is
[0.99245262, -0.0018137904, -0.12261547, -0.044662669
  -0.020065943, 0.98401165, -0.17697023, 0.063536279
  0.12097603, 0.17809497, 0.97654849, 0.039730832
  0, 0, 0, 1]
140363713528831888 pose is
[0.99226862, -0.0040699649, -0.12404178, -0.045696229
  -0.019855944, 0.98138189, -0.1910374, 0.0735984
  0.12250987, 0.1920234, 0.9737137, 0.046226684
  0, 0, 0, 1]
140363713533831904 pose is
[0.99190897, -0.0041423109, -0.1268836, -0.046968762
  -0.020834513, 0.98060447, -0.19488657, 0.095124654
  0.12522991, 0.19595329, 0.97258407, 0.056147065
  0, 0, 0, 1]
140363713538831904 pose is
[0.99133223, -0.009091747, -0.13106371, -0.047274642
  -0.015825842, 0.98207444, -0.18782802, 0.12743963
  0.13042201, 0.18827416, 0.97341818, 0.069034286
  0, 0, 0, 1]
140363713543831920 pose is
[0.99082208, -0.014689609, -0.13437216, -0.049139403
  -0.008556108, 0.98526853, -0.17080021, 0.16896187
  0.13490164, 0.17038231, 0.97610009, 0.081849568
  0, 0, 0, 1]
140363713548831888 pose is
[0.98983687, -0.0236344, -0.1402296, -0.052711204
  0.0023778824, 0.98870552, -0.14985244, 0.21727437
  0.14218745, 0.14799602, 0.97871339, 0.093032204
  0, 0, 0, 1]
140363713553831904 pose is
[0.98919678, -0.028227367, -0.14385025, -0.055660587
  0.0096778432, 0.9917202, -0.12805232, 0.26978779
  0.14627378, 0.12527679, 0.98127961, 0.10342788
  0, 0, 0, 1]
140363713558831904 pose is
[0.98776031, -0.036044825, -0.15175757, -0.060110185
  0.019396016, 0.99376553, -0.10979018, 0.32777348
  0.15476879, 0.10550288, 0.98230124, 0.11827632
  0, 0, 0, 1]
140363713563831904 pose is
[0.9863764, -0.038737122, -0.15987808, -0.063141182
  0.0244851, 0.99562538, -0.090169564, 0.37987414
  0.16267158, 0.085026503, 0.98300987, 0.12260765
  0, 0, 0, 1]
140363713568831904 pose is
[0.98545915, -0.036840055, -0.16587052, -0.061572365
  0.025642283, 0.99727654, -0.069152132, 0.42711833
  0.16796634, 0.063893303, 0.98371994, 0.12809947
  0, 0, 0, 1]
140363713573831920 pose is
[0.9853875, -0.030110151, -0.16764511, -0.058665261
  0.021895163, 0.9984771, -0.050637174, 0.47340226
  0.1689145, 0.046226621, 0.98454607, 0.12914166
  0, 0, 0, 1]
140363713578831888 pose is
[0.9857868, -0.021348858, -0.16663928, -0.054019611
  0.015681526, 0.99925542, -0.035251729, 0.51465023
  0.16726778, 0.032137532, 0.98538756, 0.13160044
  0, 0, 0, 1]
140363713583831904 pose is
[0.9859035, -0.015538357, -0.16659182, -0.049942739
  0.011636002, 0.99963516, -0.024375224, 0.53992593
  0.16690978, 0.022093156, 0.98572463, 0.13207142
  0, 0, 0, 1]
140363713588831904 pose is
[0.98575801, -0.011126379, -0.16780159, -0.042225432
  0.0081651639, 0.99979872, -0.018326785, 0.54272121
  0.16797173, 0.016695647, 0.98565042, 0.13079543
  0, 0, 0, 1]
140363713593831920 pose is
[0.98560047, -0.0084359189, -0.16888015, -0.043381475
  0.0054926272, 0.99982494, -0.017887866, 0.54396409
  0.16900149, 0.016702695, 0.98547429, 0.12927838
  0, 0, 0, 1]
140363713598831888 pose is
[0.98583066, -0.0079385554, -0.16755565, -0.042653378
  0.004260466, 0.99974227, -0.022299526, 0.53509814
  0.16768949, 0.02126969, 0.98561037, 0.12792684
  0, 0, 0, 1]
140363713603831904 pose is
[0.98618954, -0.010412814, -0.16529298, -0.044673771
  0.005653799, 0.99955654, -0.029235842, 0.511814
  0.16552411, 0.027897548, 0.98581111, 0.12335438
  0, 0, 0, 1]
140363713608831904 pose is
[0.98605865, -0.01498909, -0.1657217, -0.046687853
  0.0085799852, 0.99918973, -0.03932241, 0.48147446
  0.16617683, 0.037352312, 0.98538828, 0.11779593
  0, 0, 0, 1]
140363713613831904 pose is
[0.98595726, -0.014574359, -0.16636056, -0.044696338
  0.0066521247, 0.99882138, -0.048079133, 0.42247227
  0.1668652, 0.046297319, 0.98489213, 0.10272823
  0, 0, 0, 1]
140363713618831904 pose is
[0.9854995, -0.021580044, -0.16830054, -0.046798918
  0.011006578, 0.99792069, -0.063506611, 0.37590614
  0.16932108, 0.060733318, 0.98368788, 0.093853869
  0, 0, 0, 1]
140363713623831920 pose is
[0.98560661, -0.020971036, -0.16774917, -0.04792263
  0.0072596204, 0.99661106, -0.081936836, 0.33152926
  0.16889898, 0.079539694, 0.98241872, 0.083109617
  0, 0, 0, 1]
140363713628831888 pose is
[0.98565376, -0.024001649, -0.16706453, -0.047555037
  0.0063155815, 0.99438864, -0.10559985, 0.28367785
  0.16866165, 0.10302978, 0.9802745, 0.072625317
  0, 0, 0, 1]
140363713633831904 pose is
[0.9856295, -0.022754384, -0.16738205, -0.046899837
  0.0007706178, 0.9914813, -0.13024695, 0.23772584
  0.16891986, 0.12824625, 0.97725075, 0.064437963
  0, 0, 0, 1]
140363713638831904 pose is
[0.98636937, -0.017313577, -0.16363269, -0.044990472
  -0.007970131, 0.98825461, -0.15260836, 0.19301118
  0.16435295, 0.15183239, 0.97464609, 0.054726843
  0, 0, 0, 1]
140363713643831920 pose is
[0.98708862, -0.014120168, -0.1595514, -0.04353391
  -0.014278333, 0.98438442, -0.17545226, 0.15595898
  0.15953732, 0.17546506, 0.97147304, 0.047613192
  0, 0, 0, 1]
140363713648831888 pose is
[0.98802716, -0.0047313292, -0.15420741, -0.041498236
  -0.025433909, 0.98085868, -0.19305272, 0.12654102
  0.15216906, 0.19466344, 0.96899468, 0.041637905
  0, 0, 0, 1]
140363713653831904 pose is
[0.98858666, 0.0025067506, -0.15063225, -0.041126125
  -0.03400204, 0.9777751, -0.20688082, 0.10673251
  0.14676586, 0.20964144, 0.96670073, 0.03715891
  0, 0, 0, 1]
140363713658831904 pose is
[0.98888016, 0.00578473, -0.14860202, -0.04101491
  -0.038015384, 0.97587681, -0.2149868, 0.095702119
  0.14377362, 0.21824534, 0.96524513, 0.036911365
  0, 0, 0, 1]
140363713663831904 pose is
[0.98902476, 0.0040559145, -0.14769417, -0.041664898
  -0.03700019, 0.97457027, -0.22100621, 0.09438248
  0.14304197, 0.22404532, 0.96402419, 0.038584419
  0, 0, 0, 1]
140363713668831904 pose is
[0.98909622, -0.0019075106, -0.14725852, -0.042729769
  -0.031586498, 0.97389895, -0.22477345, 0.10417968
  0.14384368, 0.22697395, 0.96321952, 0.046424791
  0, 0, 0, 1]
140363713673831920 pose is
[0.98908752, -0.0015716539, -0.14732069, -0.041788958
  -0.031875934, 0.97397554, -0.22440055, 0.1256765
  0.14383942, 0.22664776, 0.96329695, 0.058283258
  0, 0, 0, 1]
140363713678831888 pose is
[0.98917335, -0.0022697235, -0.1467341, -0.041793339
  -0.030271519, 0.97522074, -0.2191533, 0.15832265
  0.14359556, 0.22122246, 0.96459365, 0.075001352
  0, 0, 0, 1]
140363713683831904 pose is
[0.98942095, -0.0029105993, -0.14504375, -0.042126346
  -0.027340813, 0.97814161, -0.20613471, 0.20061743
  0.1424733, 0.20791961, 0.96771419, 0.090295054
  0, 0, 0, 1]
140363713688831904 pose is
[0.98887658, -0.0082031963, -0.14851217, -0.043005981
  -0.019972576, 0.98211187, -0.18723628, 0.25149757
  0.1473915, 0.18811974, 0.97102356, 0.10787013
  0, 0, 0, 1]
140363713693831920 pose is
[0.98801786, -0.0091249803, -0.15406944, -0.043476786
  -0.016534604, 0.98624766, -0.16444518, 0.30295953
  0.15345117, 0.16502225, 0.9742794, 0.12171345
  0, 0, 0, 1]
140363713698831888 pose is
[0.98599315, -0.013786099, -0.1662152, -0.046308592
  -0.0102325, 0.98970062, -0.14278649, 0.36109695
  0.16647176, 0.14248729, 0.97569692, 0.13445777
  0, 0, 0, 1]
140363713703831904 pose is
[0.98412025, -0.012113822, -0.17708936, -0.046305701
  -0.0089485468, 0.9930141, -0.11765608, 0.40027905
  0.17727751, 0.11737242, 0.97713685, 0.13733955
  0, 0, 0, 1]
140363713708831904 pose is
[0.98232925, -0.0093342233, -0.18692812, -0.046453372
  -0.0084568597, 0.99552184, -0.094153002, 0.44792449
  0.18696986, 0.094070077, 0.97785127, 0.14075184
  0, 0, 0, 1]
140363713713831904 pose is
[0.98190403, 0.002694054, -0.18936014, -0.039080288
  -0.016237576, 0.99741429, -0.070007615, 0.490062
  0.18868192, 0.071815506, 0.97940886, 0.14410245
  0, 0, 0, 1]
140363713718831904 pose is
[0.98219389, 0.014266036, -0.18732762, -0.031713374
  -0.023824835, 0.99852067, -0.048875198, 0.51814175
  0.18635325, 0.052467972, 0.98108083, 0.14320146
  0, 0, 0, 1]
140363713723831920 pose is
[0.98290968, 0.016399385, -0.18335645, -0.029807976
  -0.022970997, 0.99916548, -0.033774197, 0.53370839
  0.18264957, 0.037408866, 0.98246616, 0.13794814
  0, 0, 0, 1]
140363713728831888 pose is
[0.98295611, 0.014429267, -0.18327309, -0.031164601
  -0.019312974, 0.99950361, -0.024890192, 0.52579528
  0.18282296, 0.028005514, 0.9827469, 0.13244471
  0, 0, 0, 1]
140363713733831904 pose is
[0.98280942, 0.011338129, -0.18427433, -0.030858649
  -0.014876135, 0.99973041, -0.017828492, 0.51757908
  0.1840225, 0.020263301, 0.98271316, 0.12509494
  0, 0, 0, 1]
140363713738831904 pose is
[0.98331034, 0.010057434, -0.18165782, -0.035022993
  -0.012772234, 0.99982345, -0.013780924, 0.49945948
  0.18148716, 0.015871102, 0.98326522, 0.11423131
  0, 0, 0, 1]
140363713743831920 pose is
[0.98397493, 0.010185281, -0.17801562, -0.035827383
  -0.012914599, 0.99981606, -0.014179849, 0.47315428
  0.17783844, 0.016251616, 0.98392546, 0.10441539
  0, 0, 0, 1]
140363713748831888 pose is
[0.98398596, 0.0035379687, -0.17821085, -0.037976425
  -0.0078322664, 0.99969554, -0.023398962, 0.43934229
  0.17807381, 0.024420045, 0.9837141, 0.098981276
  0, 0, 0, 1]
140363713753831904 pose is
[0.98424262, -0.0041436316, -0.17677471, -0.04193183
  -0.0027635156, 0.99924284, -0.03880908, 0.39602676
  0.17680168, 0.038686071, 0.98348594, 0.091785066
  0, 0, 0, 1]
140363713758831904 pose is
[0.98362476, -0.01534896, -0.17957368, -0.047445085
  0.00449879, 0.99814749, -0.060673729, 0.3445825
  0.18017231, 0.058872316, 0.98187166, 0.082613543
  0, 0, 0, 1]
140363713763831904 pose is
[0.98283827, -0.023237158, -0.18299992, -0.052655783
  0.0070078918, 0.99602157, -0.088836566, 0.29875499
  0.18433619, 0.086029537, 0.97909093, 0.072324477
  0, 0, 0, 1]
140363713768831904 pose is
[0.98223639, -0.025812235, -0.18586382, -0.052036185
  0.0038659279, 0.99306726, -0.11748403, 0.25270426
  0.1876078, 0.11467855, 0.97552657, 0.065167069
  0, 0, 0, 1]
140363713773831920 pose is
[0.98281378, -0.023036908, -0.18315658, -0.048988812
  -0.0032352691, 0.98988074, -0.14186475, 0.20881605
  0.1845713, 0.14001919, 0.97279394, 0.055908147
  0, 0, 0, 1]
140363713778831888 pose is
[0.9839111, -0.019253222, -0.17761816, -0.045673549
  -0.0097105922, 0.98694366, -0.16077299, 0.16843356
  0.17839451, 0.15991111, 0.97087789, 0.047713
  0, 0, 0, 1]
140363713783831904 pose is
[0.98521703, -0.014471183, -0.17069861, -0.04349491
  -0.015946843, 0.98435211, -0.17548965, 0.13289569
  0.17056708, 0.17561749, 0.96956968, 0.041739307
  0, 0, 0, 1]
140363713788831904 pose is
[0.98648316, -0.011794745, -0.16343759, -0.041627236
  -0.019728405, 0.98160201, -0.18991645, 0.1032204
  0.16267067, 0.19057375, 0.9681012, 0.036078267
  0, 0, 0, 1]
140363713793831920 pose is
[0.98700362, -0.013532886, -0.16012728, -0.042448677
  -0.01989281, 0.97849429, -0.20531248, 0.084733933
  0.15946209, 0.20582953, 0.96550816, 0.033649366
  0, 0, 0, 1]
140363713798831888 pose is
[0.98722893, -0.017132111, -0.15838429, -0.043101411
  -0.018852301, 0.97465104, -0.22293477, 0.075861119
  0.15818876, 0.22307356, 0.96188068, 0.035388231
  0, 0, 0, 1]
140363713803831904 pose is
[0.98748261, -0.018052049, -0.15669131, -0.045594532
  -0.020107854, 0.97091502, -0.23857839, 0.079758674
  0.15644078, 0.23874275, 0.95839876, 0.040611621
  0, 0, 0, 1]
140363713808831904 pose is
[0.98776382, -0.015500226, -0.15518481, -0.046464384
  -0.023368241, 0.96910542, -0.24553731, 0.095591448
  0.15419632, 0.24615927, 0.9568851, 0.05084363
  0, 0, 0, 1]
140363713813831904 pose is
[0.98865736, -0.0118604, -0.14971951, -0.047145758
  -0.024882976, 0.97016478, -0.24116617, 0.12312432
  0.14811292, 0.24215618, 0.95886546, 0.064883113
  0, 0, 0, 1]
140363713818831904 pose is
[0.98925257, -0.022622248, -0.14445622, -0.051896967
  -0.0112532, 0.97324908, -0.22947672, 0.15995312
  0.14578316, 0.22863604, 0.96253461, 0.079217516
  0, 0, 0, 1]
140363713823831920 pose is
[0.98780167, -0.043078743, -0.14963998, -0.060017522
  0.010857024, 0.97768629, -0.20978959, 0.20348327
  0.15533842, 0.20560586, 0.96622783, 0.092405178
  0, 0, 0, 1]
140363713828831888 pose is
[0.98619413, -0.053614307, -0.15667373, -0.067335837
  0.024612619, 0.98308486, -0.18148923, 0.252832
  0.16375399, 0.17512746, 0.97083211, 0.1043855
  0, 0, 0, 1]
140363713833831904 pose is
[0.98478442, -0.056917064, -0.16419533, -0.071949348
  0.032423928, 0.98843098, -0.14816506, 0.30354816
  0.17072888, 0.14058678, 0.97523689, 0.1089692
  0, 0, 0, 1]
140363713838831904 pose is
[0.98297262, -0.055063564, -0.17530772, -0.071463376
  0.035506546, 0.9929828, -0.11280284, 0.35477045
  0.18028887, 0.10465753, 0.97803003, 0.11523432
  0, 0, 0, 1]
140363713843831920 pose is
[0.98074013, -0.056248192, -0.18704265, -0.073698081
  0.041453857, 0.99576241, -0.082090229, 0.4049702
  0.19086747, 0.072755545, 0.97891587, 0.11648392
  0, 0, 0, 1]
140363713848831888 pose is
[0.97872102, -0.052663203, -0.19832234, -0.072629832
  0.042508639, 0.99757451, -0.055119202, 0.44476795
  0.20074406, 0.04551591, 0.97858578, 0.11705364
  0, 0, 0, 1]
140363713853831904 pose is
[0.9776994, -0.047690533, -0.2045227, -0.072785512
  0.04153036, 0.99854797, -0.03430954, 0.47496939
  0.20586197, 0.025050513, 0.97826034, 0.11522858
  0, 0, 0, 1]
140363713858831904 pose is
[0.9769991, -0.04590223, -0.20824455, -0.072838269
  0.042861082, 0.99889857, -0.01909502, 0.49003059
  0.20889169, 0.0097302301, 0.97789037, 0.11025683
  0, 0, 0, 1]
140363713863831904 pose is
[0.97733879, -0.042140726, -0.20744397, -0.071364932
  0.040759612, 0.99910921, -0.010929388, 0.49706063
  0.20771974, 0.0022263804, 0.97818583, 0.10766603
  0, 0, 0, 1]
140363713868831904 pose is
[0.97784442, -0.040085871, -0.20545918, -0.069037549
  0.039138988, 0.99919617, -0.0086723287, 0.48857933
  0.20564166, 0.00043872313, 0.97862726, 0.10077411
  0, 0, 0, 1]
140363713873831920 pose is
[0.9790284, -0.033406448, -0.20096628, -0.068186194
  0.03203477, 0.99943596, -0.010074623, 0.46363804
  0.20118949, 0.0034254333, 0.97954637, 0.093528777
  0, 0, 0, 1]
140363713878831888 pose is
[0.97920728, -0.029704891, -0.2006757, -0.06440746
  0.026505502, 0.99947542, -0.018611765, 0.43791422
  0.20112328, 0.012905766, 0.97948092, 0.088622198
  0, 0, 0, 1]
140363713883831904 pose is
[0.978921, -0.025552243, -0.20263459, -0.062145714
  0.019670537, 0.99932617, -0.030987432, 0.40489233
  0.20328985, 0.026348315, 0.978764, 0.082858682
  0, 0, 0, 1]
140363713888831904 pose is
[0.97892308, -0.025476245, -0.20263401, -0.063366368
  0.016277477, 0.99876535, -0.046933841, 0.3653774
  0.20357953, 0.042646252, 0.97812915, 0.072593391
  0, 0, 0, 1]
140363713893831920 pose is
[0.97966528, -0.026052685, -0.19894019, -0.062354684
  0.013719049, 0.99791127, -0.063125469, 0.32255027
  0.20016925, 0.05911256, 0.97797644, 0.064288035
  0, 0, 0, 1]
140363713898831888 pose is
[0.98203826, -0.016575787, -0.18795244, -0.058230497
  0.0026334934, 0.99724078, -0.074188232, 0.28122887
  0.18866357, 0.072360709, 0.97937226, 0.050598688
  0, 0, 0, 1]
140363713903831904 pose is
[0.98453379, -0.0065098018, -0.17507395, -0.054612596
  -0.0082319062, 0.99648678, -0.083344899, 0.23942424
  0.17500143, 0.083497062, 0.98102129, 0.038408246
  0, 0, 0, 1]
140363713908831904 pose is
[0.98634309, 0.0041945139, -0.16465037, -0.049921069
  -0.019353574, 0.99570179, -0.090572402, 0.19876286
  0.16356276, 0.092522033, 0.98218477, 0.024672626
  0, 0, 0, 1]
140363713913831904 pose is
[0.98768049, 0.01035316, -0.15614109, -0.04747982
  -0.025815403, 0.99491751, -0.09732756, 0.1625596
  0.15433985, 0.10015938, 0.98292792, 0.012812048
  0, 0, 0, 1]
140363713918831904 pose is
[0.98887354, 0.016331786, -0.14785944, -0.044907104
  -0.031981893, 0.99405307, -0.1040947, 0.13013679
  0.14528006, 0.10766532, 0.98351508, 0.0030312876
  0, 0, 0, 1]
140363713923831920 pose is
[0.98972064, 0.016853647, -0.14201747, -0.043767963
  -0.032690573, 0.99340153, -0.10993082, 0.10265851
  0.13922763, 0.11344344, 0.98374093, -0.0069515947
  0, 0, 0, 1]
140363713928831888 pose is
[0.99041909, 0.01585741, -0.13718097, -0.041796945
  -0.031383656, 0.99323833, -0.11177049, 0.080888063
  0.134481, 0.11500487, 0.98421985, -0.013822723
  0, 0, 0, 1]
140363713933831904 pose is
[0.99098098, 0.013558191, -0.13331492, -0.041225702
  -0.028905053, 0.99307555, -0.1138661, 0.065932661
  0.13084796, 0.11669261, 0.98451084, -0.021985732
  0, 0, 0, 1]
140363713938831904 pose is
[0.99161792, 0.0087479865, -0.12890837, -0.040948357
  -0.023762673, 0.99303448, -0.11540322, 0.05439942
  0.12700091, 0.11749911, 0.98491865, -0.027839072
  0, 0, 0, 1]
140363713943831920 pose is
[0.99275941, 0.0045533748, -0.12003357, -0.041146945
  -0.018457385, 0.99319643, -0.11497906, 0.046871319
  0.11869337, 0.11636204, 0.98608911, -0.031794865
  0, 0, 0, 1]
140363713948831888 pose is
[0.99385899, 0.0017684818, -0.1106398, -0.040802661
  -0.014215261, 0.99362779, -0.11181105, 0.041438844
  0.10973705, 0.11269718, 0.98755109, -0.034964178
  0, 0, 0, 1]
140363713953831904 pose is
[0.99469608, 0.0036759197, -0.10279192, -0.040004306
  -0.014699024, 0.99418402, -0.10668661, 0.037501186
  0.10180192, 0.10763169, 0.98896503, -0.036762137
  0, 0, 0, 1]
140363713958831904 pose is
[0.99508047, 0.0029842008, -0.099024847, -0.039257307
  -0.012962024, 0.99487567, -0.10027128, 0.03395215
  0.09821818, 0.10106156, 0.9900201, -0.040321928
  0, 0, 0, 1]
140363713963831904 pose is
[0.99532628, -0.0013314801, -0.096559845, -0.038245205
  -0.0078043323, 0.99552518, -0.094173506, 0.030318573
  0.096253149, 0.094486952, 0.99086201, -0.041775916
  0, 0, 0, 1]
140363713968831904 pose is
[0.99568057, -0.0033335851, -0.092785276, -0.037851129
  -0.0049692895, 0.99600941, -0.089110121, 0.026786894
  0.09271206, 0.089186288, 0.99169064, -0.043704506
  0, 0, 0, 1]
140363713973831920 pose is
[0.99595714, -0.0045185704, -0.089716256, -0.037840683
  -0.0032497081, 0.99626797, -0.086252786, 0.022695331
  0.089771174, 0.086195625, 0.99222553, -0.045718305
  0, 0, 0, 1]
140363713978831888 pose is
[0.99598199, -0.0054894602, -0.089385435, -0.038500942
  -0.0021225482, 0.99639213, -0.084842399, 0.018807063
  0.08952868, 0.084691226, 0.99237692, -0.047694188
  0, 0, 0, 1]
140363713983831904 pose is
[0.99607855, -0.0021895526, -0.08844649, -0.039287414
  -0.0047850492, 0.99689728, -0.078567773, 0.016705221
  0.088344097, 0.078682892, 0.9929775, -0.048325215
  0, 0, 0, 1]
140363713988831904 pose is
[0.99597549, -0.00038306424, -0.08962509, -0.040268634
  -0.0053880434, 0.99792629, -0.064140841, 0.015751699
  0.089463808, 0.06436561, 0.99390811, -0.047689606
  0, 0, 0, 1]
140363713993831920 pose is
[0.99557781, 0.0040681018, -0.093852676, -0.039354257
  -0.0090614455, 0.99856192, -0.052839443, 0.014065516
  0.093502745, 0.053456213, 0.99418294, -0.046363566
  0, 0, 0, 1]
140363713998831888 pose is
[0.99506187, 0.010793796, -0.098668173, -0.0399855
  -0.015283821, 0.99887615, -0.044864334, 0.013454028
  0.098073028, 0.046150815, 0.99410856, -0.04623504
  0, 0, 0, 1]
140363714003831904 pose is
[0.99445081, 0.020201143, -0.10324491, -0.040346533
  -0.023908496, 0.99910837, -0.034797765, 0.013311469
  0.10244989, 0.037073098, 0.99404711, -0.045431685
  0, 0, 0, 1]
140363714008831904 pose is
[0.99377519, 0.019266225, -0.10972542, -0.041217834
  -0.021911455, 0.9994964, -0.022953101, 0.01277927
  0.10922793, 0.025214465, 0.99369687, -0.04464151
  0, 0, 0, 1]
140363714013831904 pose is
[0.99311471, 0.020692384, -0.11530391, -0.041817304
  -0.022009019, 0.99970615, -0.010157309, 0.012617015
  0.11505985, 0.012625098, 0.99327832, -0.043786909
  0, 0, 0, 1]
140363714018831904 pose is
[0.99265063, 0.023422869, -0.11872713, -0.042322353
  -0.024081433, 0.99970156, -0.00411508, 0.012734249
  0.11859531, 0.006943956, 0.99291837, -0.042736415
  0, 0, 0, 1]
140363714023831920 pose is
[0.99197406, 0.023096731, -0.12431427, -0.043202449
  -0.024147647, 0.99968421, -0.0069533521, 0.011882618
  0.12411442, 0.0098994421, 0.99221855, -0.042684078
  0, 0, 0, 1]
140363714028831888 pose is
[0.99176228, 0.025755854, -0.12547575, -0.044079319
  -0.026791781, 0.99961942, -0.0065751905, 0.011634322
  0.12525864, 0.0098827444, 0.99207491, -0.042818792
  0, 0, 0, 1]
140363714033831904 pose is
[0.99167937, 0.029533297, -0.12529883, -0.044416521
  -0.030372448, 0.99952716, -0.0047917217, 0.011221003
  0.12509806, 0.0085574836, 0.99210745, -0.042877838
  0, 0, 0, 1]
140363714038831904 pose is
[0.99167144, 0.033211727, -0.12443767, -0.044367179
  -0.033991139, 0.99941355, -0.0041449727, 0.011644062
  0.12422704, 0.0083402293, 0.99221879, -0.042660054
  0, 0, 0, 1]
140363714043831920 pose is
[0.99170923, 0.031892814, -0.12448135, -0.044536047
  -0.032741476, 0.99945241, -0.0047772164, 0.011527517
  0.12426083, 0.0088133132, 0.99221045, -0.042717762
  0, 0, 0, 1]
140363714048831888 pose is
[0.99166852, 0.034100633, -0.12422034, -0.044222828
  -0.03485864, 0.99938452, -0.0039331065, 0.011653445
  0.12400977, 0.0082304906, 0.99224687, -0.042653643
  0, 0, 0, 1]
140363714053831904 pose is
[0.99169654, 0.034268755, -0.12395007, -0.044350687
  -0.035064004, 0.99937606, -0.0042394539, 0.011790492
  0.12372746, 0.0085504381, 0.99227941, -0.042641822
  0, 0, 0, 1]
140363714058831904 pose is
[0.99168903, 0.036401019, -0.12340105, -0.044016458
  -0.037135627, 0.99930352, -0.0036573985, 0.01188996
  0.12318197, 0.0082095778, 0.99235016, -0.04235835
  0, 0, 0, 1]
140363714063831904 pose is
[0.99169564, 0.036560949, -0.12330081, -0.04403821
  -0.037286822, 0.99929816, -0.0035838303, 0.011877931
  0.12308324, 0.0081515638, 0.99236286, -0.042608216
  0, 0, 0, 1]
140363714068831904 pose is
[0.99173176, 0.036951959, -0.12289274, -0.043949626
  -0.037708029, 0.99928147, -0.0038313509, 0.01201002
  0.12266286, 0.0084337154, 0.99241257, -0.042393606
  0, 0, 0, 1]
140363714073831920 pose is
[0.99173731, 0.03683152, -0.12288431, -0.044021487
  -0.037561934, 0.99928772, -0.0036317618, 0.011919413
  0.12266302, 0.0082175266, 0.99241436, -0.042527866
  0, 0, 0, 1]
140363714078831888 pose is
[0.99173331, 0.036876775, -0.1229029, -0.043956406
  -0.037621297, 0.99928504, -0.0037418432, 0.011971309
  0.12267704, 0.0083346767, 0.99241167, -0.042300165
  0, 0, 0, 1]
140363714083831904 pose is
[0.99175107, 0.037231062, -0.12265236, -0.044027053
  -0.03797802, 0.99927151, -0.0037569709, 0.012014945
  0.12242313, 0.0083840732, 0.99244261, -0.042357605
  0, 0, 0, 1]
140363714088831904 pose is
[0.99172342, 0.036924537, -0.12296864, -0.043910664
  -0.037688605, 0.99928194, -0.0038924417, 0.011919152
  0.12273662, 0.0084947422, 0.99240291, -0.042240579
  0, 0, 0, 1]
140363714093831920 pose is
[0.99172127, 0.036652241, -0.12306741, -0.043882217
  -0.037405331, 0.99929291, -0.0038136556, 0.011883278
  0.12284061, 0.0083854608, 0.99239099, -0.04222123
  0, 0, 0, 1]
140363714098831888 pose is
[0.99173433, 0.036921687, -0.12288107, -0.043949865
  -0.037692733, 0.99928153, -0.0039551668, 0.011943952
  0.12264676, 0.0085541978, 0.99241352, -0.042111337
  0, 0, 0, 1]
140363714103831904 pose is
[0.99172509, 0.037000608, -0.12293209, -0.043922048
  -0.037774697, 0.99927837, -0.0039713527, 0.0119542
  0.12269644, 0.008582212, 0.99240714, -0.042026334
  0, 0, 0, 1]
140363714108831904 pose is
[0.99171144, 0.036888845, -0.12307593, -0.043911036
  -0.037670113, 0.99928212, -0.0040261215, 0.011975817
  0.12283906, 0.0086290352, 0.99238908, -0.04211466
  0, 0, 0, 1]
140363714113831904 pose is
[0.9917258, 0.036809221, -0.1229838, -0.04391668
  -0.037574004, 0.99928623, -0.0039042737, 0.011917913
  0.1227523, 0.0084929625, 0.992401, -0.042098045
  0, 0, 0, 1]
140363714118831904 pose is
[0.99173701, 0.03705344, -0.12282003, -0.043943565
  -0.037859879, 0.99927408, -0.00423792, 0.012017677
  0.12257385, 0.0088528534, 0.9924199, -0.04212518
  0, 0, 0, 1]
140363714123831920 pose is
[0.99174273, 0.036985174, -0.12279437, -0.044015508
  -0.037748694, 0.99927968, -0.0038964313, 0.01196395
  0.1225618, 0.0084995851, 0.99242449, -0.042123489
  0, 0, 0, 1]
140363714128831888 pose is
[0.99170268, 0.036930364, -0.12313405, -0.043938462
  -0.03771174, 0.99928057, -0.0040203216, 0.011941124
  0.122897, 0.0086305635, 0.99238193, -0.042204816
  0, 0, 0, 1]
140363714133831904 pose is
[0.99172401, 0.036838725, -0.12298931, -0.043909356
  -0.037600782, 0.99928528, -0.0038800279, 0.011936185
  0.12275848, 0.008472411, 0.99240041, -0.042159967
  0, 0, 0, 1]
140363714138831904 pose is
[0.99172801, 0.036915679, -0.12293404, -0.043946713
  -0.037690181, 0.99928153, -0.0039797956, 0.01193875
  0.12269881, 0.0085802814, 0.99240685, -0.042179611
  0, 0, 0, 1]
140363714143831920 pose is
[0.99172807, 0.03706849, -0.1228875, -0.043888517
  -0.037834693, 0.9992764, -0.0039064796, 0.011995966
  0.12265377, 0.008523576, 0.99241292, -0.042146619
  0, 0, 0, 1]
140363714148831888 pose is
[0.99170852, 0.036992654, -0.12306806, -0.043917585
  -0.037781805, 0.99927765, -0.0040839813, 0.011944474
  0.12282808, 0.008699853, 0.99238986, -0.042271424
  0, 0, 0, 1]
140363714153831904 pose is
[0.99170768, 0.036942545, -0.1230897, -0.043863297
  -0.037724722, 0.99928004, -0.0040291795, 0.011957983
  0.12285224, 0.0086392928, 0.99238735, -0.042156104
  0, 0, 0, 1]
140363714158831904 pose is
[0.99171293, 0.03740903, -0.12290661, -0.043900505
  -0.038181379, 0.99926311, -0.0039339229, 0.011953522
  0.12266888, 0.0085940659, 0.99241042, -0.042200655
  0, 0, 0, 1]
140363714163831904 pose is
[0.99170047, 0.037020624, -0.12312455, -0.043902073
  -0.037791945, 0.99927789, -0.0039342302, 0.011969414
  0.12289, 0.0085546942, 0.99238342, -0.042145215
  0, 0, 0, 1]
140363714168831904 pose is
[0.99174005, 0.03719053, -0.12275382, -0.043971851
  -0.037934784, 0.99927324, -0.003730597, 0.011933134
  0.12252587, 0.0083564222, 0.99243015, -0.042182092
  0, 0, 0, 1]
140363714173831920 pose is
[0.99173266, 0.03687549, -0.12290882, -0.043947253
  -0.037611485, 0.9992857, -0.0036725188, 0.011881755
  0.1226856, 0.0082649402, 0.9924112, -0.042166825
  0, 0, 0, 1]
140363714178831888 pose is
[0.99172938, 0.036863808, -0.12293853, -0.043932486
  -0.037604462, 0.99928582, -0.0037089279, 0.011875955
  0.122714, 0.0083012898, 0.99240738, -0.042158209
  0, 0, 0, 1]
140363714183831904 pose is
[0.99172878, 0.036800563, -0.12296252, -0.043849546
  -0.037550453, 0.99928755, -0.0037858749, 0.011897333
  0.1227356, 0.0083718598, 0.9924041, -0.042104118
  0, 0, 0, 1]
140363714188831904 pose is
[0.99172378, 0.036954954, -0.12295619, -0.04389289
  -0.037712682, 0.99928123, -0.0038401643, 0.011935315
  0.12272591, 0.0084453905, 0.99240464, -0.042036947
  0, 0, 0, 1]
140363714193831920 pose is
[0.99171859, 0.037265096, -0.1229048, -0.043895036
  -0.038018655, 0.99926984, -0.0037908901, 0.011933422
  0.12267379, 0.0084321713, 0.9924112, -0.042191263
  0, 0, 0, 1]
140363714198831888 pose is
[0.99171442, 0.037092261, -0.12299077, -0.04392321
  -0.037824068, 0.99927783, -0.0036197612, 0.011844099
  0.12276769, 0.0082417801, 0.99240124, -0.042201076
  0, 0, 0, 1]
140363714203831904 pose is
[0.9917134, 0.036944032, -0.12304344, -0.043905396
  -0.037688211, 0.9992826, -0.0037253173, 0.011924244
  0.12281754, 0.0083317347, 0.99239427, -0.042242102
  0, 0, 0, 1]
140363714208831904 pose is
[0.99171811, 0.036941726, -0.12300611, -0.043886364
  -0.037688043, 0.99928254, -0.0037452816, 0.011898465
  0.1227795, 0.0083501227, 0.99239886, -0.042102985
  0, 0, 0, 1]
140363714213831904 pose is
[0.99172664, 0.037244197, -0.12284584, -0.043968823
  -0.038005844, 0.99927008, -0.0038617242, 0.011979121
  0.12261233, 0.0084986342, 0.99241823, -0.042143948
  0, 0, 0, 1]
140363714218831904 pose is
[0.99171501, 0.037191883, -0.12295551, -0.043885969
  -0.037935331, 0.9992733, -0.0037101477, 0.011918509
  0.12272818, 0.0083437674, 0.99240524, -0.042244464
  0, 0, 0, 1]
140363714223831920 pose is
[0.99171484, 0.037255093, -0.12293796, -0.043943726
  -0.038012717, 0.99926996, -0.0038220924, 0.011925441
  0.12270582, 0.0084636323, 0.99240702, -0.042179633
  0, 0, 0, 1]
140363714228831888 pose is
[0.99171501, 0.036710087, -0.12310031, -0.043814626
  -0.037456684, 0.99929118, -0.0037553895, 0.011863346
  0.1228752, 0.0083352057, 0.99238712, -0.041935254
  0, 0, 0, 1]
140363714233831904 pose is
[0.9916895, 0.03731906, -0.12312271, -0.043839544
  -0.038073465, 0.99926782, -0.0037793275, 0.011954142
  0.12289152, 0.0084356284, 0.99238425, -0.042207584
  0, 0, 0, 1]
140363714238831904 pose is
[0.99172515, 0.036831804, -0.12298253, -0.043915655
  -0.037560679, 0.99928784, -0.0036126589, 0.011857024
  0.12276189, 0.0082020722, 0.99240226, -0.042205416
  0, 0, 0, 1]
140363714243831920 pose is
[0.99172175, 0.037069645, -0.12293821, -0.043893687
  -0.037819933, 0.99927747, -0.0037741733, 0.011941771
  0.12270948, 0.0083924448, 0.99240714, -0.042084105
  0, 0, 0, 1]
140363714248831888 pose is
[0.99169523, 0.037005447, -0.1231711, -0.043882661
  -0.037751883, 0.99928015, -0.0037310284, 0.011893302
  0.12294437, 0.008349984, 0.99237841, -0.0421445
  0, 0, 0, 1]
140363714253831904 pose is
[0.99171925, 0.037149392, -0.12293447, -0.043914616
  -0.037892945, 0.99927491, -0.0037150662, 0.01192952
  0.12270731, 0.0083426517, 0.99240786, -0.042186055
  0, 0, 0, 1]
140363714258831904 pose is
[0.99172449, 0.036739565, -0.12301543, -0.043923307
  -0.037474334, 0.99929088, -0.0036637944, 0.011908728
  0.12279359, 0.0082433959, 0.99239802, -0.042032715
  0, 0, 0, 1]
140363714263831904 pose is
[0.99171978, 0.036963187, -0.1229862, -0.043879967
  -0.037717111, 0.99928123, -0.0038068329, 0.011902592
  0.12275708, 0.0084139956, 0.99240106, -0.041999634
  0, 0, 0, 1]
140363714268831904 pose is
[0.99172282, 0.037030712, -0.12294135, -0.043952741
  -0.03779183, 0.99927819, -0.0038639295, 0.011902915
  0.12270953, 0.0084781256, 0.99240643, -0.042035475
  0, 0, 0, 1]
140363714273831920 pose is
[0.99169588, 0.036681917, -0.12326277, -0.043770362
  -0.037418667, 0.99929297, -0.0036666065, 0.011859101
  0.12304112, 0.0082484875, 0.99236727, -0.042060737
  0, 0, 0, 1]
140363714278831888 pose is
[0.99169594, 0.037178263, -0.12311366, -0.043928437
  -0.037937704, 0.99927276, -0.0038293123, 0.011915322
  0.12288176, 0.0084681632, 0.99238521, -0.04223226
  0, 0, 0, 1]
140363714283831904 pose is
[0.99169189, 0.037086081, -0.12317417, -0.043872796
  -0.0378538, 0.99927568, -0.0038976364, 0.011944248
  0.1229404, 0.0085278647, 0.9923774, -0.042204119
  0, 0, 0, 1]
140363714288831904 pose is
[0.99169689, 0.037005387, -0.12315769, -0.043929435
  -0.037726451, 0.99928188, -0.0035271186, 0.011816032
  0.12293874, 0.0081441356, 0.99238086, -0.042241406
  0, 0, 0, 1]
140363714293831920 pose is
[0.99169451, 0.037179682, -0.12312482, -0.043851238
  -0.037920929, 0.99927396, -0.0036815491, 0.011877866
  0.12289855, 0.0083199795, 0.99238437, -0.042148616
  0, 0, 0, 1]
