334 pose is 
[0.99991	0.00837	0.01009	-0.01989
-0.00835	0.99996	-0.00107	0.00543
-0.01010	0.00098	0.99995	-0.00757
0.00000	0.00000	0.00000	1.00000
]
335 pose is 
[0.99983	0.01469	0.01151	-0.02973
-0.01471	0.99989	0.00098	0.00675
-0.01150	-0.00115	0.99993	-0.01343
0.00000	0.00000	0.00000	1.00000
]
336 pose is 
[0.99938	0.03252	0.01323	-0.04762
-0.03247	0.99947	-0.00358	0.02183
-0.01334	0.00314	0.99991	-0.01616
0.00000	0.00000	0.00000	1.00000
]
337 pose is 
[0.99910	0.03847	0.01770	-0.06004
-0.03840	0.99925	-0.00416	0.02835
-0.01785	0.00347	0.99983	-0.02168
0.00000	0.00000	0.00000	1.00000
]
338 pose is 
[0.99871	0.04407	0.02534	-0.07488
-0.04388	0.99901	-0.00791	0.03904
-0.02566	0.00679	0.99965	-0.02585
0.00000	0.00000	0.00000	1.00000
]
339 pose is 
[0.99830	0.04733	0.03408	-0.09062
-0.04710	0.99886	-0.00735	0.04413
-0.03439	0.00574	0.99939	-0.03017
0.00000	0.00000	0.00000	1.00000
]
340 pose is 
[0.99779	0.05253	0.04071	-0.10422
-0.05204	0.99856	-0.01289	0.05395
-0.04133	0.01074	0.99909	-0.03555
0.00000	0.00000	0.00000	1.00000
]
341 pose is 
[0.99714	0.06101	0.04458	-0.11601
-0.06048	0.99808	-0.01299	0.06382
-0.04529	0.01026	0.99892	-0.04005
0.00000	0.00000	0.00000	1.00000
]
342 pose is 
[0.99670	0.06716	0.04565	-0.12417
-0.06675	0.99772	-0.01033	0.07063
-0.04624	0.00725	0.99890	-0.04231
0.00000	0.00000	0.00000	1.00000
]
343 pose is 
[0.99631	0.07081	0.04843	-0.13102
-0.07039	0.99747	-0.01024	0.07812
-0.04903	0.00680	0.99877	-0.04503
0.00000	0.00000	0.00000	1.00000
]
344 pose is 
[0.99607	0.06877	0.05577	-0.14061
-0.06840	0.99762	-0.00862	0.08234
-0.05623	0.00478	0.99841	-0.05079
0.00000	0.00000	0.00000	1.00000
]
345 pose is 
[0.99587	0.06575	0.06268	-0.15005
-0.06533	0.99783	-0.00879	0.08795
-0.06312	0.00466	0.99799	-0.05564
0.00000	0.00000	0.00000	1.00000
]
346 pose is 
[0.99600	0.05837	0.06766	-0.15897
-0.05786	0.99828	-0.00948	0.09199
-0.06809	0.00553	0.99766	-0.06061
0.00000	0.00000	0.00000	1.00000
]
347 pose is 
[0.99603	0.05213	0.07209	-0.16891
-0.05131	0.99860	-0.01317	0.09962
-0.07268	0.00942	0.99731	-0.06532
0.00000	0.00000	0.00000	1.00000
]
348 pose is 
[0.99591	0.04830	0.07638	-0.17753
-0.04734	0.99878	-0.01430	0.10519
-0.07698	0.01063	0.99698	-0.07090
0.00000	0.00000	0.00000	1.00000
]
349 pose is 
[0.99598	0.04061	0.07982	-0.18361
-0.03959	0.99911	-0.01440	0.10820
-0.08033	0.01118	0.99671	-0.07369
0.00000	0.00000	0.00000	1.00000
]
350 pose is 
[0.99557	0.03447	0.08751	-0.19297
-0.03294	0.99928	-0.01893	0.11588
-0.08810	0.01597	0.99598	-0.07872
0.00000	0.00000	0.00000	1.00000
]
351 pose is 
[0.99541	0.03476	0.08914	-0.19570
-0.03315	0.99926	-0.01949	0.11703
-0.08975	0.01644	0.99583	-0.07992
0.00000	0.00000	0.00000	1.00000
]
352 pose is 
[0.99483	0.03152	0.09659	-0.20389
-0.02940	0.99930	-0.02328	0.12505
-0.09726	0.02032	0.99505	-0.08352
0.00000	0.00000	0.00000	1.00000
]
353 pose is 
[0.99405	0.02732	0.10541	-0.21443
-0.02492	0.99940	-0.02410	0.13345
-0.10600	0.02133	0.99414	-0.08736
0.00000	0.00000	0.00000	1.00000
]
354 pose is 
[0.99342	0.02063	0.11263	-0.22174
-0.01821	0.99958	-0.02247	0.13741
-0.11305	0.02027	0.99338	-0.09044
0.00000	0.00000	0.00000	1.00000
]
355 pose is 
[0.99237	0.01170	0.12274	-0.23362
-0.00895	0.99970	-0.02293	0.14310
-0.12297	0.02166	0.99217	-0.09514
0.00000	0.00000	0.00000	1.00000
]
356 pose is 
[0.99134	0.00554	0.13119	-0.24198
-0.00227	0.99968	-0.02506	0.15012
-0.13129	0.02455	0.99104	-0.09816
0.00000	0.00000	0.00000	1.00000
]
357 pose is 
[0.99026	0.00039	0.13925	-0.25002
0.00312	0.99968	-0.02496	0.15689
-0.13922	0.02515	0.98994	-0.10106
0.00000	0.00000	0.00000	1.00000
]
358 pose is 
[0.98865	-0.00419	0.15015	-0.26219
0.00791	0.99968	-0.02416	0.16247
-0.15000	0.02507	0.98837	-0.10398
0.00000	0.00000	0.00000	1.00000
]
359 pose is 
[0.98673	-0.00779	0.16219	-0.27454
0.01230	0.99956	-0.02684	0.17049
-0.16191	0.02848	0.98639	-0.10537
0.00000	0.00000	0.00000	1.00000
]
360 pose is 
[0.98517	-0.01101	0.17125	-0.28316
0.01597	0.99949	-0.02760	0.17720
-0.17086	0.02992	0.98484	-0.10653
0.00000	0.00000	0.00000	1.00000
]
361 pose is 
[0.98218	-0.01792	0.18709	-0.30362
0.02328	0.99938	-0.02652	0.18747
-0.18649	0.03040	0.98199	-0.10974
0.00000	0.00000	0.00000	1.00000
]
362 pose is 
[0.98064	-0.02192	0.19458	-0.31474
0.02771	0.99925	-0.02711	0.19358
-0.19384	0.03197	0.98051	-0.11127
0.00000	0.00000	0.00000	1.00000
]
363 pose is 
[0.98006	-0.02290	0.19740	-0.32334
0.02884	0.99921	-0.02727	0.20336
-0.19662	0.03241	0.97994	-0.11152
0.00000	0.00000	0.00000	1.00000
]
364 pose is 
[0.98091	-0.02237	0.19315	-0.32569
0.02662	0.99946	-0.01939	0.20458
-0.19261	0.02417	0.98098	-0.11568
0.00000	0.00000	0.00000	1.00000
]
365 pose is 
[0.98105	-0.02605	0.19198	-0.33138
0.02957	0.99944	-0.01549	0.20688
-0.19147	0.02087	0.98128	-0.11863
0.00000	0.00000	0.00000	1.00000
]
366 pose is 
[0.98126	-0.02899	0.19051	-0.33711
0.03212	0.99940	-0.01334	0.21200
-0.19001	0.01921	0.98159	-0.12224
0.00000	0.00000	0.00000	1.00000
]
367 pose is 
[0.98145	-0.03648	0.18824	-0.34319
0.03883	0.99921	-0.00881	0.21380
-0.18777	0.01596	0.98208	-0.12360
0.00000	0.00000	0.00000	1.00000
]
368 pose is 
[0.98156	-0.04205	0.18647	-0.34783
0.04430	0.99899	-0.00793	0.21476
-0.18594	0.01604	0.98243	-0.12662
0.00000	0.00000	0.00000	1.00000
]
369 pose is 
[0.98124	-0.05002	0.18618	-0.35397
0.05303	0.99853	-0.01122	0.21627
-0.18534	0.02088	0.98245	-0.13036
0.00000	0.00000	0.00000	1.00000
]
370 pose is 
[0.98102	-0.05402	0.18622	-0.36020
0.05796	0.99819	-0.01580	0.21921
-0.18503	0.02630	0.98238	-0.13375
0.00000	0.00000	0.00000	1.00000
]
371 pose is 
[0.98140	-0.05560	0.18377	-0.36271
0.05990	0.99804	-0.01793	0.22074
-0.18241	0.02860	0.98281	-0.13677
0.00000	0.00000	0.00000	1.00000
]
372 pose is 
[0.98143	-0.05531	0.18368	-0.36275
0.05979	0.99803	-0.01894	0.22192
-0.18227	0.02957	0.98280	-0.13639
0.00000	0.00000	0.00000	1.00000
]
373 pose is 
[0.98143	-0.05850	0.18271	-0.36487
0.06364	0.99772	-0.02242	0.22271
-0.18098	0.03363	0.98291	-0.13819
0.00000	0.00000	0.00000	1.00000
]
374 pose is 
[0.98113	-0.06443	0.18229	-0.36753
0.07020	0.99721	-0.02536	0.22253
-0.18015	0.03768	0.98292	-0.14071
0.00000	0.00000	0.00000	1.00000
]
375 pose is 
[0.98109	-0.06822	0.18113	-0.36983
0.07463	0.99680	-0.02878	0.22204
-0.17859	0.04175	0.98304	-0.14344
0.00000	0.00000	0.00000	1.00000
]
376 pose is 
[0.98132	-0.07184	0.17849	-0.37240
0.07904	0.99631	-0.03356	0.22246
-0.17542	0.04705	0.98337	-0.14634
0.00000	0.00000	0.00000	1.00000
]
377 pose is 
[0.98172	-0.07641	0.17434	-0.37145
0.08424	0.99572	-0.03799	0.22108
-0.17069	0.05198	0.98395	-0.14829
0.00000	0.00000	0.00000	1.00000
]
378 pose is 
[0.98173	-0.07816	0.17351	-0.37345
0.08708	0.99521	-0.04437	0.22396
-0.16921	0.05867	0.98383	-0.14955
0.00000	0.00000	0.00000	1.00000
]
379 pose is 
[0.98256	-0.07331	0.17090	-0.37339
0.08215	0.99559	-0.04524	0.22392
-0.16683	0.05849	0.98425	-0.15106
0.00000	0.00000	0.00000	1.00000
]
380 pose is 
[0.98412	-0.06760	0.16410	-0.36690
0.07656	0.99587	-0.04887	0.22308
-0.16012	0.06066	0.98523	-0.15012
0.00000	0.00000	0.00000	1.00000
]
381 pose is 
[0.98477	-0.06475	0.16136	-0.36278
0.07458	0.99566	-0.05560	0.22331
-0.15706	0.06679	0.98533	-0.15056
0.00000	0.00000	0.00000	1.00000
]
382 pose is 
[0.98499	-0.06182	0.16117	-0.36173
0.07247	0.99550	-0.06105	0.22542
-0.15667	0.07181	0.98504	-0.15114
0.00000	0.00000	0.00000	1.00000
]
383 pose is 
[0.98607	-0.05551	0.15681	-0.35665
0.06587	0.99592	-0.06168	0.22379
-0.15275	0.07115	0.98570	-0.15044
0.00000	0.00000	0.00000	1.00000
]
384 pose is 
[0.98702	-0.05091	0.15232	-0.35034
0.06155	0.99592	-0.06603	0.22202
-0.14834	0.07454	0.98612	-0.14839
0.00000	0.00000	0.00000	1.00000
]
385 pose is 
[0.98802	-0.04900	0.14636	-0.33798
0.06052	0.99532	-0.07533	0.21787
-0.14199	0.08329	0.98636	-0.14944
0.00000	0.00000	0.00000	1.00000
]
386 pose is 
[0.98861	-0.04941	0.14214	-0.33210
0.06047	0.99538	-0.07462	0.21481
-0.13779	0.08237	0.98703	-0.14994
0.00000	0.00000	0.00000	1.00000
]
387 pose is 
[0.98934	-0.05136	0.13626	-0.32416
0.06183	0.99536	-0.07377	0.21091
-0.13184	0.08141	0.98792	-0.14814
0.00000	0.00000	0.00000	1.00000
]
388 pose is 
[0.98964	-0.05482	0.13268	-0.31709
0.06493	0.99521	-0.07307	0.20578
-0.12804	0.08092	0.98846	-0.14652
0.00000	0.00000	0.00000	1.00000
]
389 pose is 
[0.99021	-0.05665	0.12757	-0.30655
0.06637	0.99510	-0.07328	0.20196
-0.12280	0.08103	0.98912	-0.14560
0.00000	0.00000	0.00000	1.00000
]
390 pose is 
[0.99043	-0.05777	0.12535	-0.29898
0.06723	0.99510	-0.07254	0.19926
-0.12054	0.08027	0.98946	-0.14301
0.00000	0.00000	0.00000	1.00000
]
391 pose is 
[0.99075	-0.06316	0.12007	-0.28519
0.07164	0.99513	-0.06766	0.18973
-0.11521	0.07564	0.99046	-0.14071
0.00000	0.00000	0.00000	1.00000
]
392 pose is 
[0.98970	-0.07343	0.12293	-0.27853
0.08243	0.99415	-0.06983	0.18763
-0.11708	0.07925	0.98996	-0.13503
0.00000	0.00000	0.00000	1.00000
]
393 pose is 
[0.98966	-0.07353	0.12315	-0.27917
0.08243	0.99422	-0.06885	0.18682
-0.11738	0.07829	0.99000	-0.13675
0.00000	0.00000	0.00000	1.00000
]
394 pose is 
[0.98925	-0.07800	0.12368	-0.27004
0.08698	0.99382	-0.06896	0.18480
-0.11753	0.07897	0.98992	-0.13234
0.00000	0.00000	0.00000	1.00000
]
395 pose is 
[0.98919	-0.07963	0.12313	-0.25860
0.08845	0.99376	-0.06792	0.18144
-0.11695	0.07808	0.99006	-0.12698
0.00000	0.00000	0.00000	1.00000
]
396 pose is 
[0.98892	-0.08469	0.12192	-0.24682
0.09298	0.99361	-0.06403	0.17607
-0.11572	0.07466	0.99047	-0.12297
0.00000	0.00000	0.00000	1.00000
]
397 pose is 
[0.98856	-0.08845	0.12218	-0.23625
0.09646	0.99345	-0.06122	0.17045
-0.11597	0.07231	0.99062	-0.11917
0.00000	0.00000	0.00000	1.00000
]
398 pose is 
[0.98838	-0.09206	0.12093	-0.22353
0.09988	0.99317	-0.06028	0.16697
-0.11455	0.07165	0.99083	-0.11255
0.00000	0.00000	0.00000	1.00000
]
399 pose is 
[0.98771	-0.09947	0.12057	-0.21229
0.10705	0.99256	-0.05803	0.16221
-0.11390	0.07022	0.99101	-0.10845
0.00000	0.00000	0.00000	1.00000
]
400 pose is 
[0.98667	-0.10719	0.12248	-0.20457
0.11459	0.99189	-0.05506	0.16197
-0.11559	0.06836	0.99094	-0.10609
0.00000	0.00000	0.00000	1.00000
]
401 pose is 
[0.98636	-0.11048	0.12205	-0.19372
0.11726	0.99185	-0.04982	0.16124
-0.11555	0.06345	0.99127	-0.09942
0.00000	0.00000	0.00000	1.00000
]
402 pose is 
[0.98581	-0.11853	0.11885	-0.18138
0.12422	0.99138	-0.04163	0.15736
-0.11289	0.05580	0.99204	-0.09412
0.00000	0.00000	0.00000	1.00000
]
403 pose is 
[0.98515	-0.12716	0.11534	-0.16905
0.13156	0.99081	-0.03136	0.15082
-0.11029	0.04607	0.99283	-0.08874
0.00000	0.00000	0.00000	1.00000
]
404 pose is 
[0.98459	-0.13615	0.10977	-0.15572
0.13959	0.98991	-0.02426	0.14873
-0.10536	0.03921	0.99366	-0.08429
0.00000	0.00000	0.00000	1.00000
]
405 pose is 
[0.98402	-0.14538	0.10277	-0.14183
0.14785	0.98887	-0.01687	0.14872
-0.09917	0.03179	0.99456	-0.07684
0.00000	0.00000	0.00000	1.00000
]
406 pose is 
[0.98354	-0.15413	0.09430	-0.12702
0.15504	0.98790	-0.00245	0.14071
-0.09279	0.01703	0.99554	-0.07197
0.00000	0.00000	0.00000	1.00000
]
407 pose is 
[0.98288	-0.16242	0.08694	-0.11230
0.16266	0.98667	0.00427	0.13713
-0.08648	0.00995	0.99620	-0.06515
0.00000	0.00000	0.00000	1.00000
]
408 pose is 
[0.98241	-0.16988	0.07752	-0.09688
0.16953	0.98546	0.01110	0.13506
-0.07828	0.00224	0.99693	-0.05758
0.00000	0.00000	0.00000	1.00000
]
409 pose is 
[0.98189	-0.17975	0.05989	-0.06572
0.17869	0.98364	0.02281	0.12917
-0.06301	-0.01169	0.99794	-0.04420
0.00000	0.00000	0.00000	1.00000
]
410 pose is 
[0.98169	-0.18344	0.05131	-0.05049
0.18213	0.98284	0.02928	0.12773
-0.05581	-0.01940	0.99825	-0.03547
0.00000	0.00000	0.00000	1.00000
]
411 pose is 
[0.98253	-0.18140	0.04165	-0.03528
0.17993	0.98300	0.03665	0.12570
-0.04759	-0.02851	0.99846	-0.02869
0.00000	0.00000	0.00000	1.00000
]
412 pose is 
[0.98303	-0.18089	0.03052	-0.01805
0.17958	0.98288	0.04114	0.12700
-0.03744	-0.03496	0.99869	-0.01886
0.00000	0.00000	0.00000	1.00000
]
413 pose is 
[0.98239	-0.18585	0.01895	-0.00183
0.18476	0.98158	0.04859	0.12505
-0.02763	-0.04424	0.99864	-0.01211
0.00000	0.00000	0.00000	1.00000
]
414 pose is 
[0.98227	-0.18645	0.01959	-0.00251
0.18532	0.98145	0.04912	0.12443
-0.02839	-0.04462	0.99860	-0.01199
0.00000	0.00000	0.00000	1.00000
]
415 pose is 
[0.98185	-0.18942	0.00919	0.01136
0.18868	0.98059	0.05338	0.12452
-0.01913	-0.05067	0.99853	-0.00524
0.00000	0.00000	0.00000	1.00000
]
416 pose is 
[0.98146	-0.19168	-0.00058	0.02232
0.19140	0.97985	0.05716	0.12508
-0.01039	-0.05621	0.99837	-0.00010
0.00000	0.00000	0.00000	1.00000
]
417 pose is 
[0.98112	-0.19272	-0.01624	0.03765
0.19337	0.97896	0.06521	0.12087
0.00333	-0.06712	0.99774	0.00704
0.00000	0.00000	0.00000	1.00000
]
418 pose is 
[0.98134	-0.18924	-0.03400	0.05478
0.19121	0.97907	0.06977	0.11728
0.02009	-0.07497	0.99698	0.01715
0.00000	0.00000	0.00000	1.00000
]
419 pose is 
[0.98110	-0.18596	-0.05348	0.07428
0.18940	0.97949	0.06873	0.11391
0.03960	-0.07756	0.99620	0.02704
0.00000	0.00000	0.00000	1.00000
]
420 pose is 
[0.98054	-0.18461	-0.06678	0.08609
0.18893	0.97981	0.06538	0.11472
0.05336	-0.07673	0.99562	0.03311
0.00000	0.00000	0.00000	1.00000
]
421 pose is 
[0.97960	-0.18248	-0.08419	0.10188
0.18815	0.97997	0.06519	0.11446
0.07061	-0.07971	0.99431	0.04062
0.00000	0.00000	0.00000	1.00000
]
422 pose is 
[0.97789	-0.18242	-0.10223	0.11705
0.18953	0.97974	0.06474	0.11230
0.08834	-0.08269	0.99265	0.04945
0.00000	0.00000	0.00000	1.00000
]
423 pose is 
[0.97628	-0.18143	-0.11815	0.12851
0.18967	0.97985	0.06266	0.11382
0.10440	-0.08359	0.99102	0.05442
0.00000	0.00000	0.00000	1.00000
]
424 pose is 
[0.97374	-0.17954	-0.14001	0.14453
0.19005	0.97958	0.06562	0.11149
0.12537	-0.09051	0.98797	0.06304
0.00000	0.00000	0.00000	1.00000
]
425 pose is 
[0.97059	-0.17774	-0.16234	0.16025
0.19035	0.97952	0.06559	0.10891
0.14736	-0.09456	0.98455	0.07302
0.00000	0.00000	0.00000	1.00000
]
426 pose is 
[0.96648	-0.17730	-0.18567	0.17961
0.19182	0.97939	0.06321	0.10177
0.17063	-0.09671	0.98058	0.08531
0.00000	0.00000	0.00000	1.00000
]
427 pose is 
[0.96256	-0.17937	-0.20324	0.19789
0.19371	0.97963	0.05284	0.09679
0.18962	-0.09023	0.97770	0.09137
0.00000	0.00000	0.00000	1.00000
]
428 pose is 
[0.96004	-0.18073	-0.21370	0.20774
0.19240	0.98070	0.03492	0.10868
0.20326	-0.07464	0.97628	0.09737
0.00000	0.00000	0.00000	1.00000
]
429 pose is 
[0.95801	-0.17569	-0.22660	0.21975
0.18803	0.98158	0.03391	0.10424
0.21647	-0.07509	0.97340	0.10513
0.00000	0.00000	0.00000	1.00000
]
430 pose is 
[0.95569	-0.17158	-0.23920	0.23091
0.18317	0.98271	0.02690	0.10679
0.23045	-0.06952	0.97060	0.11076
0.00000	0.00000	0.00000	1.00000
]
431 pose is 
[0.95198	-0.16980	-0.25477	0.24370
0.18159	0.98310	0.02329	0.10742
0.24651	-0.06843	0.96672	0.11906
0.00000	0.00000	0.00000	1.00000
]
432 pose is 
[0.94475	-0.16774	-0.28160	0.26819
0.18043	0.98339	0.01953	0.10252
0.27365	-0.06926	0.95933	0.13066
0.00000	0.00000	0.00000	1.00000
]
433 pose is 
[0.94044	-0.17182	-0.29333	0.28258
0.18330	0.98298	0.01190	0.10080
0.28629	-0.06496	0.95594	0.13665
0.00000	0.00000	0.00000	1.00000
]
434 pose is 
[0.93734	-0.17316	-0.30234	0.29554
0.18214	0.98327	0.00154	0.10195
0.29701	-0.05651	0.95320	0.13903
0.00000	0.00000	0.00000	1.00000
]
435 pose is 
[0.93714	-0.17279	-0.30316	0.29648
0.18163	0.98337	0.00096	0.10235
0.29795	-0.05596	0.95294	0.13950
0.00000	0.00000	0.00000	1.00000
]
436 pose is 
[0.93448	-0.17373	-0.31075	0.30585
0.18003	0.98362	-0.00854	0.10853
0.30714	-0.04797	0.95045	0.14391
0.00000	0.00000	0.00000	1.00000
]
437 pose is 
[0.93161	-0.17482	-0.31866	0.31621
0.18063	0.98348	-0.01149	0.11287
0.31540	-0.04685	0.94780	0.14561
0.00000	0.00000	0.00000	1.00000
]
438 pose is 
[0.92815	-0.17340	-0.32934	0.33169
0.18128	0.98341	-0.00689	0.10909
0.32507	-0.05331	0.94419	0.14722
0.00000	0.00000	0.00000	1.00000
]
439 pose is 
[0.92641	-0.17341	-0.33420	0.34281
0.17955	0.98367	-0.01270	0.11177
0.33094	-0.04824	0.94242	0.14842
0.00000	0.00000	0.00000	1.00000
]
440 pose is 
[0.92460	-0.17731	-0.33716	0.34802
0.18168	0.98318	-0.01881	0.12509
0.33482	-0.04387	0.94126	0.14929
0.00000	0.00000	0.00000	1.00000
]
441 pose is 
[0.92097	-0.17625	-0.34748	0.36005
0.18411	0.98285	-0.01056	0.13011
0.34338	-0.05425	0.93763	0.15252
0.00000	0.00000	0.00000	1.00000
]
442 pose is 
[0.91918	-0.17219	-0.35419	0.36946
0.18410	0.98291	-0.00008	0.12497
0.34815	-0.06513	0.93517	0.15439
0.00000	0.00000	0.00000	1.00000
]
443 pose is 
[0.91696	-0.17485	-0.35863	0.37824
0.18783	0.98220	0.00138	0.12569
0.35201	-0.06863	0.93348	0.15210
0.00000	0.00000	0.00000	1.00000
]
444 pose is 
[0.91589	-0.17682	-0.36038	0.38572
0.19003	0.98178	0.00123	0.12830
0.35359	-0.06961	0.93281	0.15198
0.00000	0.00000	0.00000	1.00000
]
445 pose is 
[0.91444	-0.17896	-0.36301	0.39431
0.19225	0.98135	0.00050	0.13128
0.35615	-0.07025	0.93179	0.15164
0.00000	0.00000	0.00000	1.00000
]
446 pose is 
[0.91476	-0.17692	-0.36320	0.40050
0.19038	0.98171	0.00127	0.12862
0.35633	-0.07031	0.93171	0.14986
0.00000	0.00000	0.00000	1.00000
]
447 pose is 
[0.91409	-0.18076	-0.36299	0.40900
0.19123	0.98152	-0.00720	0.13247
0.35758	-0.06283	0.93177	0.14451
0.00000	0.00000	0.00000	1.00000
]
448 pose is 
[0.91381	-0.18615	-0.36097	0.41089
0.19509	0.98071	-0.01186	0.13785
0.35622	-0.05958	0.93250	0.14051
0.00000	0.00000	0.00000	1.00000
]
449 pose is 
[0.91276	-0.18842	-0.36246	0.41501
0.19754	0.98022	-0.01212	0.14068
0.35757	-0.06053	0.93192	0.13838
0.00000	0.00000	0.00000	1.00000
]
450 pose is 
[0.91200	-0.19063	-0.36321	0.41696
0.19965	0.97978	-0.01293	0.14179
0.35833	-0.06073	0.93162	0.13346
0.00000	0.00000	0.00000	1.00000
]
451 pose is 
[0.91093	-0.19245	-0.36493	0.41819
0.20056	0.97955	-0.01594	0.14378
0.36054	-0.05867	0.93090	0.13041
0.00000	0.00000	0.00000	1.00000
]
452 pose is 
[0.91097	-0.19429	-0.36385	0.41869
0.20099	0.97939	-0.01978	0.14624
0.36020	-0.05511	0.93125	0.12469
0.00000	0.00000	0.00000	1.00000
]
453 pose is 
[0.91046	-0.19708	-0.36363	0.41941
0.20305	0.97892	-0.02217	0.14948
0.36033	-0.05365	0.93128	0.12019
0.00000	0.00000	0.00000	1.00000
]
454 pose is 
[0.91133	-0.19516	-0.36247	0.41636
0.20105	0.97934	-0.02182	0.14764
0.35923	-0.05299	0.93174	0.11443
0.00000	0.00000	0.00000	1.00000
]
455 pose is 
[0.91237	-0.19213	-0.36148	0.41553
0.19660	0.98017	-0.02474	0.14715
0.35906	-0.04849	0.93205	0.10990
0.00000	0.00000	0.00000	1.00000
]
456 pose is 
[0.91556	-0.18598	-0.35660	0.41222
0.18704	0.98184	-0.03184	0.14688
0.35604	-0.03755	0.93372	0.09808
0.00000	0.00000	0.00000	1.00000
]
457 pose is 
[0.91660	-0.18601	-0.35389	0.40586
0.18689	0.98186	-0.03202	0.14585
0.35343	-0.03679	0.93474	0.09555
0.00000	0.00000	0.00000	1.00000
]
458 pose is 
[0.91804	-0.18271	-0.35187	0.40218
0.18259	0.98261	-0.03384	0.14748
0.35194	-0.03318	0.93544	0.09116
0.00000	0.00000	0.00000	1.00000
]
459 pose is 
[0.92008	-0.17611	-0.34990	0.39521
0.17624	0.98384	-0.03175	0.14440
0.34984	-0.03245	0.93625	0.08389
0.00000	0.00000	0.00000	1.00000
]
460 pose is 
[0.92204	-0.16974	-0.34789	0.39061
0.16946	0.98503	-0.03147	0.14350
0.34802	-0.02994	0.93701	0.07835
0.00000	0.00000	0.00000	1.00000
]
461 pose is 
[0.92469	-0.16247	-0.34431	0.38727
0.16191	0.98633	-0.03059	0.13768
0.34458	-0.02746	0.93836	0.07042
0.00000	0.00000	0.00000	1.00000
]
462 pose is 
[0.92813	-0.16191	-0.33520	0.37560
0.15799	0.98666	-0.03913	0.14093
0.33707	-0.01664	0.94133	0.06037
0.00000	0.00000	0.00000	1.00000
]
463 pose is 
[0.93034	-0.15981	-0.33004	0.36786
0.15493	0.98707	-0.04122	0.14317
0.33236	-0.01279	0.94307	0.05349
0.00000	0.00000	0.00000	1.00000
]
464 pose is 
[0.93337	-0.15439	-0.32400	0.35803
0.14950	0.98795	-0.04010	0.13965
0.32628	-0.01101	0.94521	0.04365
0.00000	0.00000	0.00000	1.00000
]
465 pose is 
[0.93593	-0.15227	-0.31757	0.34921
0.14594	0.98832	-0.04378	0.13988
0.32053	-0.00537	0.94722	0.03402
0.00000	0.00000	0.00000	1.00000
]
466 pose is 
[0.93873	-0.15072	-0.30997	0.33882
0.14306	0.98858	-0.04742	0.14168
0.31357	0.00017	0.94956	0.02438
0.00000	0.00000	0.00000	1.00000
]
467 pose is 
[0.94179	-0.14558	-0.30304	0.32687
0.13721	0.98934	-0.04885	0.14244
0.30692	0.00443	0.95172	0.01506
0.00000	0.00000	0.00000	1.00000
]
468 pose is 
[0.94492	-0.13881	-0.29643	0.31614
0.13017	0.99029	-0.04880	0.13890
0.30032	0.00753	0.95381	0.00633
0.00000	0.00000	0.00000	1.00000
]
469 pose is 
[0.94827	-0.13322	-0.28818	0.30384
0.12319	0.99098	-0.05275	0.13660
0.29261	0.01452	0.95612	-0.00413
0.00000	0.00000	0.00000	1.00000
]
470 pose is 
[0.95142	-0.12647	-0.28072	0.29331
0.11517	0.99174	-0.05645	0.13248
0.28554	0.02138	0.95813	-0.01279
0.00000	0.00000	0.00000	1.00000
]
471 pose is 
[0.95526	-0.12213	-0.26939	0.27927
0.10882	0.99201	-0.06384	0.13045
0.27503	0.03167	0.96091	-0.02345
0.00000	0.00000	0.00000	1.00000
]
472 pose is 
[0.95963	-0.11822	-0.25520	0.26070
0.10092	0.99168	-0.07989	0.13856
0.26252	0.05091	0.96358	-0.03299
0.00000	0.00000	0.00000	1.00000
]
473 pose is 
[0.96296	-0.11166	-0.24543	0.24338
0.09302	0.99191	-0.08633	0.14261
0.25308	0.06031	0.96556	-0.04118
0.00000	0.00000	0.00000	1.00000
]
474 pose is 
[0.96684	-0.10178	-0.23421	0.22301
0.08320	0.99265	-0.08792	0.14440
0.24143	0.06551	0.96820	-0.05166
0.00000	0.00000	0.00000	1.00000
]
475 pose is 
[0.96971	-0.09612	-0.22456	0.20536
0.07765	0.99294	-0.08972	0.14507
0.23159	0.06956	0.97032	-0.06118
0.00000	0.00000	0.00000	1.00000
]
476 pose is 
[0.97179	-0.09012	-0.21794	0.18704
0.07186	0.99332	-0.09033	0.14798
0.22463	0.07212	0.97177	-0.06949
0.00000	0.00000	0.00000	1.00000
]
477 pose is 
[0.97359	-0.07832	-0.21446	0.16895
0.06058	0.99427	-0.08810	0.14956
0.22013	0.07279	0.97275	-0.07547
0.00000	0.00000	0.00000	1.00000
]
478 pose is 
[0.97713	-0.06923	-0.20106	0.13849
0.05190	0.99457	-0.09022	0.15671
0.20621	0.07772	0.97542	-0.08582
0.00000	0.00000	0.00000	1.00000
]
479 pose is 
[0.97718	-0.06905	-0.20090	0.13816
0.05182	0.99461	-0.08977	0.15654
0.20601	0.07731	0.97549	-0.08623
0.00000	0.00000	0.00000	1.00000
]
480 pose is 
[0.97844	-0.05666	-0.19862	0.11902
0.04136	0.99591	-0.08031	0.15313
0.20235	0.07037	0.97678	-0.09509
0.00000	0.00000	0.00000	1.00000
]
481 pose is 
[0.98096	-0.04079	-0.18988	0.08131
0.02402	0.99567	-0.08980	0.15766
0.19272	0.08353	0.97769	-0.10411
0.00000	0.00000	0.00000	1.00000
]
482 pose is 
[0.98317	-0.03889	-0.17852	0.05849
0.02193	0.99514	-0.09601	0.16227
0.18138	0.09048	0.97924	-0.11082
0.00000	0.00000	0.00000	1.00000
]
483 pose is 
[0.98471	-0.03231	-0.17116	0.04558
0.01526	0.99487	-0.10000	0.16289
0.17351	0.09586	0.98016	-0.11372
0.00000	0.00000	0.00000	1.00000
]
484 pose is 
[0.98685	-0.02934	-0.15896	0.02696
0.01189	0.99390	-0.10965	0.16670
0.16121	0.10632	0.98118	-0.11653
0.00000	0.00000	0.00000	1.00000
]
485 pose is 
[0.98994	-0.02354	-0.13953	-0.00127
0.00704	0.99303	-0.11763	0.17438
0.14133	0.11547	0.98321	-0.12803
0.00000	0.00000	0.00000	1.00000
]
486 pose is 
[0.99128	-0.01614	-0.13079	-0.02061
-0.00016	0.99232	-0.12366	0.18252
0.13178	0.12260	0.98367	-0.13199
0.00000	0.00000	0.00000	1.00000
]
487 pose is 
[0.99216	-0.01106	-0.12449	-0.03571
-0.00492	0.99185	-0.12731	0.18946
0.12489	0.12693	0.98402	-0.13341
0.00000	0.00000	0.00000	1.00000
]
488 pose is 
[0.99318	-0.00703	-0.11638	-0.05526
-0.00762	0.99214	-0.12493	0.19445
0.11635	0.12496	0.98532	-0.13578
0.00000	0.00000	0.00000	1.00000
]
489 pose is 
[0.99338	0.00234	-0.11488	-0.07115
-0.01620	0.99266	-0.11983	0.20346
0.11376	0.12089	0.98613	-0.13399
0.00000	0.00000	0.00000	1.00000
]
490 pose is 
[0.99367	0.00949	-0.11194	-0.08556
-0.02184	0.99372	-0.10970	0.20237
0.11019	0.11145	0.98764	-0.13620
0.00000	0.00000	0.00000	1.00000
]
491 pose is 
[0.99457	0.01124	-0.10343	-0.10296
-0.02260	0.99375	-0.10929	0.20776
0.10155	0.11103	0.98861	-0.13810
0.00000	0.00000	0.00000	1.00000
]
492 pose is 
[0.99527	0.01472	-0.09598	-0.11680
-0.02497	0.99401	-0.10643	0.21195
0.09384	0.10833	0.98968	-0.13883
0.00000	0.00000	0.00000	1.00000
]
493 pose is 
[0.99598	0.01678	-0.08804	-0.12777
-0.02580	0.99441	-0.10234	0.21358
0.08583	0.10420	0.99085	-0.13877
0.00000	0.00000	0.00000	1.00000
]
494 pose is 
[0.99667	0.01484	-0.08018	-0.13610
-0.02281	0.99478	-0.09949	0.21176
0.07829	0.10099	0.99180	-0.13658
0.00000	0.00000	0.00000	1.00000
]
495 pose is 
[0.99787	0.01029	-0.06449	-0.15070
-0.01692	0.99453	-0.10307	0.21562
0.06308	0.10394	0.99258	-0.13218
0.00000	0.00000	0.00000	1.00000
]
496 pose is 
[0.99865	0.00468	-0.05180	-0.16167
-0.01008	0.99449	-0.10439	0.21692
0.05103	0.10477	0.99319	-0.13053
0.00000	0.00000	0.00000	1.00000
]
497 pose is 
[0.99934	0.00185	-0.03630	-0.17525
-0.00572	0.99427	-0.10676	0.21967
0.03590	0.10690	0.99362	-0.13187
0.00000	0.00000	0.00000	1.00000
]
498 pose is 
[0.99970	-0.00103	-0.02431	-0.18588
-0.00161	0.99410	-0.10841	0.22530
0.02428	0.10842	0.99381	-0.13054
0.00000	0.00000	0.00000	1.00000
]
499 pose is 
[0.99991	-0.00441	-0.01281	-0.19636
0.00306	0.99463	-0.10348	0.22588
0.01320	0.10343	0.99455	-0.12798
0.00000	0.00000	0.00000	1.00000
]
500 pose is 
[0.99990	-0.00485	-0.01292	-0.19610
0.00349	0.99465	-0.10326	0.22562
0.01335	0.10321	0.99457	-0.12882
0.00000	0.00000	0.00000	1.00000
]
501 pose is 
[0.99996	-0.00875	-0.00105	-0.20510
0.00860	0.99502	-0.09929	0.22581
0.00191	0.09928	0.99506	-0.12602
0.00000	0.00000	0.00000	1.00000
]
502 pose is 
[0.99980	-0.01401	0.01447	-0.21732
0.01529	0.99555	-0.09303	0.22322
-0.01310	0.09323	0.99556	-0.12546
0.00000	0.00000	0.00000	1.00000
]
503 pose is 
[0.99944	-0.02133	0.02592	-0.22324
0.02355	0.99578	-0.08872	0.22056
-0.02392	0.08928	0.99572	-0.12147
0.00000	0.00000	0.00000	1.00000
]
504 pose is 
[0.99802	-0.02932	0.05561	-0.23904
0.03374	0.99620	-0.08033	0.21629
-0.05305	0.08205	0.99522	-0.11324
0.00000	0.00000	0.00000	1.00000
]
505 pose is 
[0.99713	-0.03054	0.06924	-0.24654
0.03598	0.99625	-0.07865	0.21507
-0.06658	0.08091	0.99449	-0.10719
0.00000	0.00000	0.00000	1.00000
]
506 pose is 
[0.99609	-0.03254	0.08214	-0.25580
0.03885	0.99632	-0.07643	0.21422
-0.07935	0.07932	0.99369	-0.10410
0.00000	0.00000	0.00000	1.00000
]
507 pose is 
[0.99502	-0.03183	0.09445	-0.26420
0.03893	0.99647	-0.07441	0.21354
-0.09175	0.07772	0.99274	-0.10183
0.00000	0.00000	0.00000	1.00000
]
508 pose is 
[0.99462	-0.03004	0.09912	-0.26783
0.03719	0.99677	-0.07114	0.21745
-0.09667	0.07444	0.99253	-0.09832
0.00000	0.00000	0.00000	1.00000
]
509 pose is 
[0.99424	-0.02791	0.10351	-0.27112
0.03364	0.99797	-0.05406	0.20598
-0.10179	0.05723	0.99316	-0.09883
0.00000	0.00000	0.00000	1.00000
]
510 pose is 
[0.99341	-0.03145	0.11019	-0.27400
0.03681	0.99822	-0.04689	0.19832
-0.10852	0.05063	0.99280	-0.09718
0.00000	0.00000	0.00000	1.00000
]
511 pose is 
[0.99216	-0.03897	0.11878	-0.27906
0.04417	0.99816	-0.04149	0.19238
-0.11695	0.04641	0.99205	-0.09824
0.00000	0.00000	0.00000	1.00000
]
512 pose is 
[0.99130	-0.04307	0.12441	-0.28197
0.04783	0.99822	-0.03552	0.18600
-0.12266	0.04116	0.99159	-0.09791
0.00000	0.00000	0.00000	1.00000
]
513 pose is 
[0.99043	-0.04648	0.12992	-0.28391
0.05112	0.99816	-0.03264	0.18101
-0.12817	0.03897	0.99099	-0.10112
0.00000	0.00000	0.00000	1.00000
]
514 pose is 
[0.98995	-0.04656	0.13354	-0.28736
0.05059	0.99836	-0.02695	0.17895
-0.13207	0.03343	0.99068	-0.10383
0.00000	0.00000	0.00000	1.00000
]
515 pose is 
[0.98998	-0.04553	0.13367	-0.28710
0.04817	0.99870	-0.01659	0.17129
-0.13274	0.02286	0.99089	-0.10422
0.00000	0.00000	0.00000	1.00000
]
516 pose is 
[0.98966	-0.04954	0.13461	-0.28389
0.05172	0.99858	-0.01269	0.15736
-0.13379	0.01952	0.99082	-0.10581
0.00000	0.00000	0.00000	1.00000
]
517 pose is 
[0.98841	-0.05535	0.14136	-0.28144
0.05888	0.99805	-0.02089	0.14934
-0.13993	0.02897	0.98974	-0.11158
0.00000	0.00000	0.00000	1.00000
]
518 pose is 
[0.98715	-0.05915	0.14842	-0.28337
0.06324	0.99773	-0.02300	0.14358
-0.14672	0.03209	0.98866	-0.11290
0.00000	0.00000	0.00000	1.00000
]
519 pose is 
[0.98642	-0.05803	0.15367	-0.27937
0.06330	0.99755	-0.02964	0.13851
-0.15157	0.03897	0.98768	-0.11749
0.00000	0.00000	0.00000	1.00000
]
520 pose is 
[0.98575	-0.06095	0.15680	-0.27520
0.06682	0.99724	-0.03241	0.13284
-0.15439	0.04243	0.98710	-0.12453
0.00000	0.00000	0.00000	1.00000
]
521 pose is 
[0.98565	-0.06018	0.15772	-0.27613
0.06617	0.99726	-0.03297	0.13348
-0.15530	0.04293	0.98693	-0.12503
0.00000	0.00000	0.00000	1.00000
]
522 pose is 
[0.98522	-0.06171	0.15979	-0.27366
0.06760	0.99721	-0.03166	0.12803
-0.15739	0.04200	0.98664	-0.12857
0.00000	0.00000	0.00000	1.00000
]
523 pose is 
[0.98450	-0.06548	0.16268	-0.26968
0.07110	0.99705	-0.02891	0.11612
-0.16030	0.04003	0.98626	-0.13851
0.00000	0.00000	0.00000	1.00000
]
524 pose is 
[0.98322	-0.07514	0.16621	-0.26880
0.08139	0.99620	-0.03111	0.11435
-0.16324	0.04412	0.98560	-0.14818
0.00000	0.00000	0.00000	1.00000
]
525 pose is 
[0.98311	-0.07484	0.16701	-0.26800
0.08049	0.99638	-0.02732	0.11472
-0.16436	0.04030	0.98558	-0.15328
0.00000	0.00000	0.00000	1.00000
]
526 pose is 
[0.98406	-0.06747	0.16455	-0.26375
0.07126	0.99731	-0.01726	0.11053
-0.16295	0.02871	0.98622	-0.16156
0.00000	0.00000	0.00000	1.00000
]
527 pose is 
[0.98444	-0.06826	0.16191	-0.25893
0.07035	0.99750	-0.00721	0.10439
-0.16102	0.01849	0.98678	-0.16920
0.00000	0.00000	0.00000	1.00000
]
528 pose is 
[0.98435	-0.08192	0.15603	-0.24929
0.08138	0.99663	0.00986	0.08796
-0.15632	0.00299	0.98770	-0.18481
0.00000	0.00000	0.00000	1.00000
]
529 pose is 
[0.98381	-0.08919	0.15548	-0.24635
0.08805	0.99602	0.01417	0.08136
-0.15612	-0.00025	0.98774	-0.19607
0.00000	0.00000	0.00000	1.00000
]
530 pose is 
[0.98416	-0.08946	0.15304	-0.24484
0.08788	0.99599	0.01706	0.08051
-0.15395	-0.00334	0.98807	-0.20520
0.00000	0.00000	0.00000	1.00000
]
531 pose is 
[0.98535	-0.08733	0.14648	-0.23897
0.08493	0.99613	0.02255	0.07727
-0.14788	-0.00978	0.98896	-0.21516
0.00000	0.00000	0.00000	1.00000
]
532 pose is 
[0.98562	-0.09156	0.14202	-0.23529
0.08831	0.99567	0.02908	0.07364
-0.14407	-0.01612	0.98944	-0.22494
0.00000	0.00000	0.00000	1.00000
]
533 pose is 
[0.98599	-0.10143	0.13241	-0.22942
0.09566	0.99420	0.04922	0.06502
-0.13663	-0.03587	0.98997	-0.23476
0.00000	0.00000	0.00000	1.00000
]
534 pose is 
[0.98707	-0.09765	0.12711	-0.22750
0.09131	0.99431	0.05480	0.06580
-0.13174	-0.04249	0.99037	-0.24730
0.00000	0.00000	0.00000	1.00000
]
535 pose is 
[0.98828	-0.09270	0.12124	-0.22666
0.08623	0.99461	0.05762	0.07148
-0.12593	-0.04649	0.99095	-0.25934
0.00000	0.00000	0.00000	1.00000
]
536 pose is 
[0.98954	-0.09026	0.11256	-0.22579
0.08258	0.99404	0.07115	0.07053
-0.11831	-0.06111	0.99109	-0.26858
0.00000	0.00000	0.00000	1.00000
]
537 pose is 
[0.99160	-0.08481	0.09766	-0.21557
0.07649	0.99336	0.08593	0.06559
-0.10430	-0.07774	0.99150	-0.28043
0.00000	0.00000	0.00000	1.00000
]
538 pose is 
[0.99257	-0.08864	0.08330	-0.21057
0.07906	0.99056	0.11201	0.05410
-0.09244	-0.10460	0.99021	-0.29666
0.00000	0.00000	0.00000	1.00000
]
539 pose is 
[0.99424	-0.08468	0.06577	-0.20177
0.07442	0.98659	0.14525	0.04408
-0.07719	-0.13952	0.98721	-0.30496
0.00000	0.00000	0.00000	1.00000
]
540 pose is 
[0.99429	-0.09500	0.04863	-0.19146
0.08578	0.98249	0.16540	0.03916
-0.06349	-0.16028	0.98503	-0.31472
0.00000	0.00000	0.00000	1.00000
]
541 pose is 
[0.99350	-0.10595	0.04152	-0.18669
0.09690	0.97897	0.17952	0.03006
-0.05967	-0.17433	0.98288	-0.32807
0.00000	0.00000	0.00000	1.00000
]
542 pose is 
[0.99375	-0.10473	0.03874	-0.18288
0.09622	0.97917	0.17881	0.03085
-0.05666	-0.17396	0.98312	-0.32702
0.00000	0.00000	0.00000	1.00000
]
543 pose is 
[0.99340	-0.11066	0.03023	-0.17815
0.10283	0.97580	0.19300	0.02771
-0.05085	-0.18861	0.98073	-0.33463
0.00000	0.00000	0.00000	1.00000
]
544 pose is 
[0.99376	-0.10998	0.01881	-0.16808
0.10333	0.97076	0.21669	0.01631
-0.04209	-0.21339	0.97606	-0.34622
0.00000	0.00000	0.00000	1.00000
]
545 pose is 
[0.99360	-0.11274	0.00678	-0.15447
0.10821	0.96741	0.22894	0.00575
-0.03237	-0.22674	0.97342	-0.35988
0.00000	0.00000	0.00000	1.00000
]
546 pose is 
[0.99251	-0.12212	0.00348	-0.15099
0.11796	0.96537	0.23268	0.00100
-0.03177	-0.23053	0.97255	-0.37377
0.00000	0.00000	0.00000	1.00000
]
547 pose is 
[0.99194	-0.12661	-0.00466	-0.14220
0.12401	0.96272	0.24042	-0.00303
-0.02595	-0.23906	0.97066	-0.38602
0.00000	0.00000	0.00000	1.00000
]
548 pose is 
[0.99034	-0.13792	-0.01458	-0.13293
0.13719	0.95879	0.24880	-0.01140
-0.02034	-0.24840	0.96844	-0.39666
0.00000	0.00000	0.00000	1.00000
]
549 pose is 
[0.98874	-0.14804	-0.02165	-0.12517
0.14873	0.95682	0.24975	-0.01548
-0.01626	-0.25015	0.96807	-0.40888
0.00000	0.00000	0.00000	1.00000
]
550 pose is 
[0.98869	-0.14728	-0.02832	-0.11757
0.14968	0.95683	0.24913	-0.01431
-0.00959	-0.25056	0.96805	-0.42137
0.00000	0.00000	0.00000	1.00000
]
551 pose is 
[0.98761	-0.15283	-0.03565	-0.11002
0.15686	0.95411	0.25509	-0.02177
-0.00497	-0.25753	0.96626	-0.43152
0.00000	0.00000	0.00000	1.00000
]
552 pose is 
[0.98331	-0.17613	-0.04555	-0.09884
0.18192	0.95099	0.25006	-0.02538
-0.00072	-0.25418	0.96716	-0.45458
0.00000	0.00000	0.00000	1.00000
]
553 pose is 
[0.98212	-0.17974	-0.05600	-0.08938
0.18805	0.95077	0.24632	-0.02317
0.00898	-0.25244	0.96757	-0.46507
0.00000	0.00000	0.00000	1.00000
]
554 pose is 
[0.98126	-0.18011	-0.06849	-0.07850
0.19164	0.94920	0.24958	-0.02705
0.02006	-0.25803	0.96593	-0.47613
0.00000	0.00000	0.00000	1.00000
]
555 pose is 
[0.98052	-0.18323	-0.07076	-0.07540
0.19520	0.94907	0.24731	-0.02792
0.02185	-0.25630	0.96635	-0.48206
0.00000	0.00000	0.00000	1.00000
]
556 pose is 
[0.97910	-0.18989	-0.07280	-0.07011
0.20185	0.95098	0.23430	-0.02301
0.02474	-0.24410	0.96943	-0.49044
0.00000	0.00000	0.00000	1.00000
]
557 pose is 
[0.97622	-0.20231	-0.07789	-0.06456
0.21473	0.95173	0.21931	-0.01749
0.02976	-0.23081	0.97254	-0.49872
0.00000	0.00000	0.00000	1.00000
]
558 pose is 
[0.97635	-0.19975	-0.08272	-0.05826
0.21296	0.95453	0.20862	-0.01140
0.03729	-0.22131	0.97449	-0.50433
0.00000	0.00000	0.00000	1.00000
]
559 pose is 
[0.97785	-0.19552	-0.07475	-0.06401
0.20661	0.95885	0.19475	-0.00341
0.03360	-0.20588	0.97800	-0.51168
0.00000	0.00000	0.00000	1.00000
]
560 pose is 
[0.97620	-0.20263	-0.07726	-0.06011
0.21385	0.95865	0.18778	-0.00253
0.03602	-0.19983	0.97917	-0.51571
0.00000	0.00000	0.00000	1.00000
]
561 pose is 
[0.97616	-0.20217	-0.07901	-0.05726
0.21349	0.95996	0.18137	0.00051
0.03918	-0.19392	0.98024	-0.51805
0.00000	0.00000	0.00000	1.00000
]
562 pose is 
[0.97678	-0.19931	-0.07866	-0.05662
0.20994	0.96361	0.16547	0.01171
0.04282	-0.17814	0.98307	-0.52050
0.00000	0.00000	0.00000	1.00000
]
563 pose is 
[0.97708	-0.19822	-0.07762	-0.05852
0.20851	0.96461	0.16138	0.01274
0.04288	-0.17387	0.98384	-0.52411
0.00000	0.00000	0.00000	1.00000
]
564 pose is 
[0.97710	-0.19811	-0.07764	-0.05852
0.20840	0.96469	0.16105	0.01336
0.04299	-0.17355	0.98389	-0.52403
0.00000	0.00000	0.00000	1.00000
]
565 pose is 
[0.97751	-0.19526	-0.07968	-0.05817
0.20577	0.96583	0.15757	0.01542
0.04619	-0.17042	0.98429	-0.52428
0.00000	0.00000	0.00000	1.00000
]
566 pose is 
[0.97902	-0.18658	-0.08195	-0.05649
0.19721	0.96877	0.15033	0.01968
0.05134	-0.16333	0.98523	-0.52150
0.00000	0.00000	0.00000	1.00000
]
567 pose is 
[0.97969	-0.18371	-0.08032	-0.05798
0.19363	0.97086	0.14123	0.02305
0.05203	-0.15391	0.98671	-0.52172
0.00000	0.00000	0.00000	1.00000
]
568 pose is 
[0.97910	-0.18687	-0.08028	-0.05843
0.19595	0.97245	0.12630	0.03137
0.05446	-0.13939	0.98874	-0.52085
0.00000	0.00000	0.00000	1.00000
]
569 pose is 
[0.97970	-0.18406	-0.07942	-0.06078
0.19289	0.97342	0.12344	0.03007
0.05459	-0.13626	0.98917	-0.51969
0.00000	0.00000	0.00000	1.00000
]
570 pose is 
[0.98079	-0.17785	-0.08011	-0.06151
0.18656	0.97520	0.11904	0.03256
0.05695	-0.13170	0.98965	-0.51583
0.00000	0.00000	0.00000	1.00000
]
571 pose is 
[0.98170	-0.17397	-0.07745	-0.06482
0.18145	0.97797	0.10318	0.04247
0.05779	-0.11535	0.99164	-0.50982
0.00000	0.00000	0.00000	1.00000
]
572 pose is 
[0.98228	-0.17206	-0.07434	-0.06982
0.17883	0.97910	0.09690	0.04362
0.05611	-0.10848	0.99251	-0.50584
0.00000	0.00000	0.00000	1.00000
]
573 pose is 
[0.98389	-0.16211	-0.07543	-0.07148
0.16875	0.98134	0.09219	0.04717
0.05908	-0.10344	0.99288	-0.49769
0.00000	0.00000	0.00000	1.00000
]
574 pose is 
[0.98457	-0.15649	-0.07830	-0.07371
0.16327	0.98253	0.08932	0.05174
0.06296	-0.10073	0.99292	-0.48924
0.00000	0.00000	0.00000	1.00000
]
575 pose is 
[0.98546	-0.15121	-0.07747	-0.07927
0.15813	0.98305	0.09279	0.04901
0.06212	-0.10369	0.99267	-0.47782
0.00000	0.00000	0.00000	1.00000
]
576 pose is 
[0.98702	-0.13974	-0.07914	-0.08714
0.14699	0.98459	0.09476	0.05120
0.06468	-0.10516	0.99235	-0.45425
0.00000	0.00000	0.00000	1.00000
]
577 pose is 
[0.98816	-0.13013	-0.08128	-0.09168
0.13814	0.98512	0.10228	0.04724
0.06676	-0.11230	0.99143	-0.43984
0.00000	0.00000	0.00000	1.00000
]
578 pose is 
[0.98843	-0.12925	-0.07938	-0.10022
0.13705	0.98528	0.10219	0.04881
0.06501	-0.11189	0.99159	-0.42288
0.00000	0.00000	0.00000	1.00000
]
579 pose is 
[0.98894	-0.12620	-0.07798	-0.10561
0.13390	0.98562	0.10309	0.04644
0.06385	-0.11239	0.99161	-0.40604
0.00000	0.00000	0.00000	1.00000
]
580 pose is 
[0.98923	-0.12528	-0.07571	-0.11146
0.13259	0.98603	0.10083	0.04629
0.06202	-0.10978	0.99202	-0.38979
0.00000	0.00000	0.00000	1.00000
]
581 pose is 
[0.99070	-0.11535	-0.07220	-0.11901
0.12236	0.98726	0.10167	0.04849
0.05955	-0.10956	0.99219	-0.37607
0.00000	0.00000	0.00000	1.00000
]
582 pose is 
[0.99208	-0.10187	-0.07349	-0.12405
0.10962	0.98781	0.11050	0.04700
0.06134	-0.11768	0.99116	-0.35636
0.00000	0.00000	0.00000	1.00000
]
583 pose is 
[0.99318	-0.09079	-0.07318	-0.13040
0.09902	0.98805	0.11810	0.04600
0.06159	-0.12454	0.99030	-0.33594
0.00000	0.00000	0.00000	1.00000
]
584 pose is 
[0.99421	-0.07972	-0.07206	-0.13565
0.08835	0.98812	0.12578	0.04443
0.06118	-0.13142	0.98944	-0.31653
0.00000	0.00000	0.00000	1.00000
]
585 pose is 
[0.99433	-0.07812	-0.07218	-0.13464
0.08675	0.98832	0.12528	0.04502
0.06155	-0.13083	0.98949	-0.31449
0.00000	0.00000	0.00000	1.00000
]
586 pose is 
[0.99526	-0.06776	-0.06979	-0.14113
0.07661	0.98813	0.13313	0.04299
0.05994	-0.13784	0.98864	-0.29299
0.00000	0.00000	0.00000	1.00000
]
587 pose is 
[0.99583	-0.06401	-0.06505	-0.14899
0.07233	0.98820	0.13499	0.04512
0.05564	-0.13913	0.98871	-0.27369
0.00000	0.00000	0.00000	1.00000
]
588 pose is 
[0.99599	-0.06317	-0.06336	-0.15484
0.07129	0.98823	0.13538	0.04804
0.05406	-0.13936	0.98877	-0.25819
0.00000	0.00000	0.00000	1.00000
]
589 pose is 
[0.99650	-0.05721	-0.06098	-0.16467
0.06504	0.98867	0.13531	0.05536
0.05255	-0.13881	0.98892	-0.23984
0.00000	0.00000	0.00000	1.00000
]
590 pose is 
[0.99666	-0.04910	-0.06531	-0.16823
0.05836	0.98720	0.14845	0.05275
0.05718	-0.15177	0.98676	-0.22003
0.00000	0.00000	0.00000	1.00000
]
591 pose is 
[0.99702	-0.04575	-0.06215	-0.17471
0.05501	0.98614	0.15654	0.04797
0.05413	-0.15949	0.98571	-0.20060
0.00000	0.00000	0.00000	1.00000
]
592 pose is 
[0.99746	-0.03975	-0.05915	-0.18021
0.04874	0.98603	0.15927	0.04801
0.05200	-0.16175	0.98546	-0.18618
0.00000	0.00000	0.00000	1.00000
]
593 pose is 
[0.99807	-0.02548	-0.05668	-0.18874
0.03453	0.98570	0.16491	0.04844
0.05167	-0.16655	0.98468	-0.16800
0.00000	0.00000	0.00000	1.00000
]
594 pose is 
[0.99830	-0.00966	-0.05752	-0.19455
0.01916	0.98577	0.16701	0.04810
0.05509	-0.16783	0.98428	-0.15627
0.00000	0.00000	0.00000	1.00000
]
595 pose is 
[0.99807	0.00464	-0.06195	-0.20265
0.00535	0.98708	0.16011	0.05177
0.06189	-0.16013	0.98515	-0.14375
0.00000	0.00000	0.00000	1.00000
]
596 pose is 
[0.99744	0.02028	-0.06858	-0.21738
-0.00940	0.98780	0.15543	0.04968
0.07090	-0.15439	0.98546	-0.11498
0.00000	0.00000	0.00000	1.00000
]
597 pose is 
[0.99262	0.03465	-0.11625	-0.20580
-0.01702	0.98863	0.14939	0.03284
0.12010	-0.14631	0.98192	-0.10168
0.00000	0.00000	0.00000	1.00000
]
598 pose is 
[0.98519	0.12516	-0.11721	-0.19435
-0.11446	0.98897	0.09396	0.08573
0.12768	-0.07915	0.98865	-0.10362
0.00000	0.00000	0.00000	1.00000
]
599 pose is 
[0.98490	0.14204	-0.09895	-0.21812
-0.13367	0.98724	0.08658	0.09811
0.10999	-0.07205	0.99132	-0.09168
0.00000	0.00000	0.00000	1.00000
]
600 pose is 
[0.98229	0.12130	-0.14281	-0.21148
-0.10238	0.98580	0.13311	0.08444
0.15693	-0.11613	0.98076	-0.06458
0.00000	0.00000	0.00000	1.00000
]
601 pose is 
[0.98094	0.14103	-0.13367	-0.21977
-0.12350	0.98360	0.13145	0.09332
0.15002	-0.11244	0.98227	-0.05621
0.00000	0.00000	0.00000	1.00000
]
602 pose is 
[0.97856	0.15792	-0.13224	-0.22603
-0.14050	0.98123	0.13211	0.09965
0.15062	-0.11070	0.98238	-0.04795
